   1.9919753e-07
   4.5970964e-02
   7.8410347e-09
   1.7604793e-05
   5.0777403e-13
   2.1691223e-07
   2.5278634e-03
   2.6685154e-04
   7.2335381e-11
   1.1198728e-10
   3.1060500e-05
   5.8379193e-07
   1.3907698e-07
   2.1806853e-09
   3.5748853e-10
   2.0366851e-17
   7.9505806e-14
   3.9454339e-15
   2.2365451e-05
   1.0335449e-06
   1.3750591e-05
   2.9505176e-03
   4.4254873e-01
   2.1158477e-02
   7.7109141e-01
   4.9535678e-01
   9.6120936e-03
   8.0413060e-05
   8.6498822e-01
   2.2357788e-02
   7.5477661e-01
   1.5483230e-02
   1.1892685e-01
   4.0347948e-01
   3.4273450e-01
   1.7352721e-04
   4.3584481e-05
   1.1295759e-01
   1.6789685e-02
   1.2587093e-05
   9.8166362e-08
   3.2693610e-07
   2.2533408e-08
   9.0190611e-08
   5.9425615e-04
   1.7019626e-02
   1.2894285e-05
   5.7663589e-02
   3.3855262e-06
   2.9638084e-06
   3.5980275e-08
   4.8627008e-09
   1.7768676e-12
   1.6625783e-08
   2.4986891e-09
   9.2402813e-10
   5.2820066e-05
   1.4773791e-06
   1.3908960e-09
   6.6142941e-06
   1.9531379e-05
   4.0282747e-11
   1.0960297e-05
   2.3134683e-12
   7.6172635e-14
   9.1575875e-15
   1.0358802e-09
   1.7594690e-11
   1.9626150e-03
   6.1599739e-04
   5.1720639e-08
   5.3224487e-07
   1.0652474e-12
   1.0126143e-06
   1.4439935e-01
   5.7639068e-06
   3.1253973e-01
   1.8422322e-10
   4.4758655e-10
   5.7446819e-06
   9.1309679e-01
   3.8942521e-04
   1.7798020e-05
   3.5579998e-03
   2.3100871e-06
   1.0452390e-05
   2.0764181e-03
   7.9061399e-01
   6.1438700e-02
   6.1929710e-01
   3.0614558e-01
   6.8234774e-05
   8.2290943e-07
   8.1478716e-07
   1.0202119e-11
   5.8094425e-10
   2.5381336e-09
   4.1527888e-10
   2.9228625e-08
   9.0054352e-13
   8.7908652e-10
   7.8001394e-10
   3.0820036e-07
   9.1186489e-13
   5.1101362e-06
   8.0371936e-04
   4.0614928e-03
   6.2727575e-12
   8.9298669e-04
   3.2857463e-03
   6.5641371e-11
   1.3635270e-06
   5.3203857e-01
   1.2954263e-07
   9.6931443e-02
   3.2580296e-07
   1.6829123e-08
   2.1268492e-04
   1.3667529e-02
   2.3104924e-03
   8.1668784e-01
   1.9632951e-07
   6.4118817e-04
   3.9702066e-03
   5.2469151e-09
   1.3453503e-10
   2.3583734e-12
   6.5831961e-16
   1.8665319e-14
   5.3312460e-15
   2.3056828e-11
   1.0692255e-09
   7.0039431e-07
   2.9473656e-05
   1.3288791e-03
   2.4613288e-03
   9.8662228e-01
   3.1732090e-02
   7.2678414e-03
   3.3743537e-03
   3.5802339e-02
   5.2079504e-03
   1.2268956e-01
   6.4101391e-01
   1.0989133e-01
   1.3429115e-01
   6.3148290e-01
   1.4823228e-01
   1.7514336e-01
   1.1223225e-08
   1.6075614e-08
   2.1428876e-12
   2.1857781e-12
   6.2127352e-11
   5.2306371e-09
   6.3432236e-04
   1.3172563e-05
   1.7023896e-02
   1.3134572e-03
   2.7094975e-01
   1.7756121e-03
   3.6332706e-06
   7.8391739e-04
   1.3838772e-13
   8.4444130e-06
   5.3362888e-05
   7.1808648e-04
   2.8975051e-04
   9.7813604e-08
   3.6052672e-13
   3.6491375e-06
   7.6617568e-08
   5.4733140e-11
   6.1841106e-12
   4.4030572e-10
   6.4995003e-18
   4.8757999e-10
   2.2709518e-09
   2.7878713e-12
   2.0848664e-10
   7.4479946e-07
   1.3570437e-05
   1.0657876e-07
   7.1752125e-06
   5.2981765e-01
   8.2644642e-01
   7.4672610e-03
   1.1456359e-06
   4.2221242e-03
   9.2006148e-08
   4.9413200e-09
   8.5615095e-01
   3.9378700e-01
   1.1026494e-05
   1.3137092e-02
   3.7583780e-07
   1.4186585e-02
   4.8774994e-01
   3.7706468e-02
   7.8344998e-01
   4.1085986e-01
   4.0526287e-03
   7.0290822e-05
   1.6156697e-08
   7.6427799e-10
   2.6196702e-12
   3.0408189e-09
   6.0547366e-11
   6.1514452e-07
   1.4637307e-15
   9.6528987e-07
   1.5271110e-10
   1.4380601e-06
   5.3432839e-01
   1.0579911e-02
   2.3564290e-04
   2.0781439e-08
   3.1005278e-13
   3.3980499e-03
