  -5.2712921e+00
  -2.0004702e+00
  -5.8688051e+00
  -4.3338856e+00
  -7.4126917e+00
  -5.2547958e+00
  -3.0348031e+00
  -3.6708181e+00
  -6.6548686e+00
  -6.5847863e+00
  -4.2027334e+00
  -5.0598045e+00
  -5.3403872e+00
  -6.0916732e+00
  -6.3956829e+00
  -8.8004527e+00
  -7.6808676e+00
  -8.1007283e+00
  -4.2790113e+00
  -4.9443827e+00
  -4.3899263e+00
  -2.9870237e+00
  -7.6848598e-01
  -2.3121893e+00
   2.9109994e-01
  -6.8229600e-01
  -2.5991439e+00
  -3.9748836e+00
   1.7011232e-01
   2.2911083e+00
   3.1251279e-01
   2.4289154e+00
   1.5618805e+00
   8.3610833e-01
  -9.4964700e-01
  -3.7822704e+00
  -4.1228085e+00
  -1.5877300e+00
  -2.3990587e+00
  -4.4098317e+00
  -5.4066789e+00
  -5.1747403e+00
  -5.6795761e+00
  -5.4227017e+00
  -3.4555464e+00
  -2.3940170e+00
  -4.4044104e+00
  -1.9024733e+00
  -4.6970537e+00
  -4.7253267e+00
  -5.5939995e+00
  -5.9528128e+00
  -7.2272030e+00
  -5.7346073e+00
  -6.0682862e+00
  -6.2375343e+00
  -4.0768784e+00
  -4.8710231e+00
  -6.1684145e+00
  -4.5524800e+00
  -4.3101484e+00
  -6.7478167e+00
  -4.4408392e+00
  -7.1876487e+00
  -7.6869767e+00
  -7.9846961e+00
  -6.2182852e+00
  -6.8776189e+00
  -3.1117204e+00
  -3.4456227e+00
  -5.5268839e+00
  -5.0782762e+00
  -7.3034137e+00
  -4.9485558e+00
  -1.4618111e+00
  -4.5825015e+00
  -1.0108927e+00
  -6.5042346e+00
  -6.3585400e+00
  -4.5832283e+00
   1.0918657e-01
  -3.5705382e+00
  -4.3313957e+00
  -2.9283189e+00
  -4.7779052e+00
  -4.4514283e+00
  -3.0947260e+00
  -2.6565062e-01
  -1.8743940e+00
   4.9714592e-01
  -1.0243554e+00
  -4.0149969e+00
  -4.9907035e+00
  -4.9927113e+00
  -6.9619706e+00
  -6.3152233e+00
  -6.0655906e+00
  -6.3709400e+00
  -5.6321365e+00
  -7.3282973e+00
  -6.2459185e+00
  -6.2659881e+00
  -5.1863194e+00
  -7.3264487e+00
  -4.6086292e+00
  -3.3714035e+00
  -2.8862350e+00
  -7.0365718e+00
  -3.3416401e+00
  -2.9533960e+00
  -6.6703589e+00
  -4.8875702e+00
  -6.2531675e-01
  -5.3539570e+00
  -1.6629295e+00
  -5.1754221e+00
  -5.7324155e+00
  -3.7299229e+00
  -2.4743388e+00
  -3.0623094e+00
   2.3192503e-01
  -5.2740959e+00
  -3.4345253e+00
  -2.8934985e+00
  -5.9395070e+00
  -6.5551935e+00
  -7.1847606e+00
  -8.3434585e+00
  -7.8855716e+00
  -8.0593902e+00
  -6.8354675e+00
  -6.2129393e+00
  -5.0232504e+00
  -4.2149911e+00
  -3.2272639e+00
  -3.0429841e+00
   1.6775367e-02
  -2.1536027e+00
  -2.6949858e+00
  -2.9450327e+00
  -2.1046565e+00
  -2.8058026e+00
  -1.5461064e+00
  -4.6655574e-01
   1.6014300e+00
   1.4997393e+00
  -4.7992557e-01
  -1.4479633e+00
  -1.3577211e+00
  -5.8050930e+00
  -5.7406712e+00
  -7.1991466e+00
  -7.1961730e+00
  -6.6791228e+00
  -5.9400512e+00
  -3.4375090e+00
  -4.3996050e+00
  -2.3939240e+00
  -3.2306701e+00
  -1.1020545e+00
  -3.1417238e+00
  -4.6819860e+00
  -3.3784214e+00
  -7.6014719e+00
  -4.4987757e+00
  -4.0744228e+00
  -3.4030013e+00
  -3.6491728e+00
  -5.4073604e+00
  -7.4627818e+00
  -4.6810550e+00
  -5.4534309e+00
  -6.6992721e+00
  -7.0387454e+00
  -6.3612562e+00
  -8.9469268e+00
  -6.3443508e+00
  -6.0847126e+00
  -7.1595873e+00
  -6.4840872e+00
  -5.0108602e+00
  -4.3929005e+00
  -5.3910942e+00
  -4.5346436e+00
  -6.2870757e-01
  -2.1937235e-01
  -2.6858250e+00
  -4.9233351e+00
  -2.8738072e+00
  -5.4189368e+00
  -5.9500086e+00
  -1.8136638e-01
  -8.5348120e-01
  -4.4394939e+00
  -2.4886178e+00
  -5.1473037e+00
  -2.4608336e+00
   6.9438845e-01
  -2.0833784e+00
   2.7496862e-01
  -8.2304724e-01
  -2.8869337e+00
  -4.0077706e+00
  -5.7397650e+00
  -6.2694036e+00
  -7.1689587e+00
  -6.0344203e+00
  -6.6832229e+00
  -5.0493261e+00
  -8.2357974e+00
  -4.9583070e+00
  -6.5346873e+00
  -4.8765942e+00
  -6.2182825e-01
  -2.5656037e+00
  -3.7033171e+00
  -5.6942688e+00
  -7.4847592e+00
  -2.9428300e+00
