   3.1214238e-05
   3.5054249e-03
   7.5569983e-07
   9.4838667e-01
   1.2130084e-03
   5.0108704e-09
   1.4920502e-05
   7.6437040e-07
   3.1058307e-12
   1.7426236e-07
   1.9136840e-02
   8.3023495e-03
   1.2017479e-01
   3.0602499e-01
   6.4188671e-06
   9.7239030e-10
   6.3398665e-13
   3.1014273e-01
   3.8321360e-08
   8.9411779e-08
   8.5959410e-06
   2.3545464e-02
   3.2731494e-09
   2.2687849e-05
   4.1134108e-04
   2.6356504e-08
   6.3565084e-07
   1.7966914e-13
   2.3652146e-09
   5.9528257e-09
   1.0125215e-13
   4.2663308e-17
   1.6104985e-07
   9.2089856e-16
   4.9018299e-13
   3.6042789e-12
   1.4534350e-03
   1.3886237e-05
   4.8835467e-08
   6.4619107e-04
   2.6239293e-05
   5.2607250e-04
   4.9528461e-03
   3.7787521e-02
   2.7535765e-01
   5.8805316e-01
   1.3778194e-01
   1.6807035e-02
   3.9986151e-01
   4.1423635e-01
   7.8051039e-01
   3.1161651e-01
   5.7352657e-03
   3.7959503e-02
   5.2101171e-06
   3.0692600e-03
   7.8669669e-01
   6.8123441e-01
   3.5060680e-03
   7.4536700e-01
   3.9041851e-01
   4.8902095e-01
   3.2712215e-02
   3.7957180e-02
   8.6034210e-02
   1.8979553e-04
   1.0734604e-01
   9.2372705e-01
   5.8046543e-01
   5.2865774e-03
   1.3292582e-02
   4.0938378e-05
   1.0892156e-07
   1.9665686e-02
   4.1866583e-01
   5.1835599e-04
   1.6534837e-02
   5.7157181e-01
   1.7781831e-05
   1.8232115e-06
   5.6398442e-02
   9.6448681e-05
   2.3824664e-06
   6.3657913e-05
   4.7349776e-07
   3.8313139e-06
   9.9401175e-07
   4.5593813e-04
   4.8503635e-06
   1.2111688e-06
   1.5955966e-03
   7.3028212e-03
   6.2330805e-02
   3.3592655e-02
   1.1529953e-01
   1.2398501e-09
   7.0742918e-01
   1.7694458e-03
   4.2942128e-05
   8.6386765e-06
   1.0493063e-03
   1.8502362e-07
   4.7644220e-09
   5.0873685e-06
   7.9884018e-07
   1.0304383e-07
   3.3039536e-11
   9.6099695e-11
   3.4125685e-07
   4.0010774e-08
   7.4269107e-06
   7.5825634e-07
   1.3377443e-10
   1.0533632e-10
   1.4046832e-03
   5.8224997e-06
   3.8814636e-07
   5.4683956e-04
   1.3062520e-09
   7.2630654e-07
   1.1997729e-04
   2.1684601e-05
   2.4210544e-05
   5.9876573e-04
   1.0976748e-09
   6.1185197e-09
   4.4011952e-04
   1.4375867e-05
   2.6124596e-11
   7.7115532e-10
   1.0640834e-13
   6.4531238e-10
   1.6181995e-12
   1.7144803e-12
   1.0461552e-08
   1.0482874e-07
   1.8674162e-10
   6.6042453e-09
   6.7913486e-03
   6.6018201e-03
   9.2742194e-04
   4.8220220e-03
   4.7980873e-06
   8.2783243e-07
   7.9864743e-05
   3.5544469e-06
   3.7090158e-12
   2.5372680e-06
   2.5447015e-09
   1.4208375e-06
   3.5576444e-05
   1.3912756e-02
   8.3920225e-01
   3.1735155e-01
   4.3746421e-02
   3.0036040e-04
   2.1157523e-07
   1.9880408e-09
   5.6519656e-01
   2.0711199e-01
   5.4801233e-08
   2.7053893e-08
   7.4280248e-07
   9.6405701e-09
   6.8761632e-06
   2.7831085e-04
   1.5181295e-01
   1.0497282e-01
   1.1607842e-02
   1.0185968e-03
   1.5589013e-04
   8.6679721e-04
   3.5611448e-02
   8.9623858e-03
   2.7973656e-05
   1.3297147e-04
   5.1939989e-06
   3.1391352e-03
   6.3610701e-03
   3.8901586e-02
   2.1750384e-01
   5.3290131e-01
   3.9391710e-01
   7.4649235e-01
   4.7362458e-03
   6.1348136e-01
   3.0614558e-01
   5.3379887e-02
   2.3290056e-07
   1.0261943e-02
   4.4787956e-08
   4.0831493e-06
   3.3616285e-05
   3.0474102e-08
   6.1203786e-12
   3.8135496e-10
   8.7350134e-07
   2.5381336e-09
   1.5905904e-09
   2.6177208e-08
   1.2613571e-09
   7.0732919e-06
   7.8127062e-09
   8.6761800e-10
   1.5691973e-12
   6.1987975e-04
   1.4988502e-12
   2.1992861e-06
   5.2688088e-05
   1.0386437e-06
   1.7540831e-13
   9.4372553e-12
   1.5023771e-02
   2.0229869e-01
   1.0455688e-08
   9.6602724e-01
   1.5674338e-02
   3.5559698e-02
   7.0333953e-14
   4.2543428e-06
   9.6081778e-03
   7.5072242e-03
   4.5660539e-04
   3.7986347e-11
   6.7299372e-01
   4.6723828e-04
   7.8407338e-01
   2.3596233e-01
   1.9060808e-05
   5.1014072e-02
   6.5920599e-08
   9.3449773e-02
   3.2403570e-03
   2.9909744e-08
   1.6829123e-08
   2.8450597e-03
   7.9094524e-04
   2.2247747e-02
   5.6989710e-02
   2.3104924e-03
   6.5737099e-01
   4.8675807e-01
   1.3293211e-06
   2.3319439e-08
   4.8489863e-03
   1.3155194e-02
   2.3238409e-01
   6.1175950e-04
   2.0937440e-06
   3.6046105e-06
   6.4141533e-11
   5.0940638e-09
   6.6640034e-08
   1.3661042e-11
   9.4181645e-13
   9.6192484e-15
   4.6156264e-10
   2.4338735e-15
   3.4881532e-10
   3.6654133e-15
   1.2865548e-10
   6.2925615e-11
   1.4811802e-06
   8.1687992e-06
   3.5735022e-08
   2.7712905e-07
   1.4282555e-05
   1.4514335e-04
   4.9475332e-06
   4.5021667e-04
   1.6522277e-01
   1.0972090e-06
   3.7882739e-02
   8.8266849e-03
   2.6861359e-01
   6.4268406e-02
   2.5548145e-03
   9.8026273e-01
   7.7178924e-01
   1.7018785e-01
   1.7622563e-02
   2.3750888e-05
   2.2683938e-02
   3.0474111e-04
   1.9062947e-01
   1.1592548e-01
   1.9443300e-01
   1.9992611e-01
   4.1952976e-02
   5.7211539e-01
   2.0037610e-01
   1.6216665e-01
   9.5407851e-02
   3.3758819e-01
   4.7842177e-03
   1.0635208e-01
   9.0776109e-01
   7.6946233e-01
   3.8786921e-01
   7.0877848e-03
   7.4917447e-01
   8.6944130e-01
   3.3885168e-03
   5.2028543e-04
   7.4083461e-10
   2.2656518e-06
   3.7636854e-05
   6.4978124e-05
   1.7001855e-10
   2.6343989e-05
   7.3982911e-07
   5.1581227e-09
   1.2175711e-09
   1.4881540e-06
   6.6398659e-08
   4.0501042e-06
   1.9931204e-03
   3.9675682e-03
   2.9314950e-07
   7.2821840e-04
   5.6887402e-01
   2.5574117e-03
   4.0368273e-01
   2.4076302e-03
   4.9818539e-01
   8.3941632e-03
   2.0147459e-01
   5.3127727e-01
   3.3248151e-05
   1.2430945e-01
   3.1808088e-04
   4.6798412e-07
   5.8556920e-03
   3.7869265e-04
   2.5110801e-07
   6.6758360e-11
   2.9817175e-10
   4.6007895e-06
   1.6401484e-03
   1.2840337e-03
   1.0002989e-04
   4.0143141e-04
   7.2279051e-03
   3.0576893e-04
   1.2217963e-03
   9.4707901e-05
   4.0973062e-10
   3.6598247e-13
   2.8825931e-03
   1.5959151e-07
   1.8447616e-05
   8.4626432e-08
   4.5696249e-08
   1.8830886e-10
   2.2859960e-09
   7.3263910e-10
   1.7860773e-07
   9.3191578e-10
   1.8921342e-15
   2.7997581e-15
   1.0164270e-09
   8.9110657e-09
   3.4104399e-08
   2.0110524e-05
   4.0181465e-07
   2.5003624e-12
   4.1517349e-07
   2.1957065e-05
   2.3273515e-11
   5.5979714e-05
   4.3949757e-03
   2.9559876e-07
   1.8901236e-05
   3.1826998e-07
   8.2568427e-06
   4.5605066e-04
   3.7920341e-01
   8.2966967e-01
   9.2377361e-01
   8.3084082e-01
   1.4758688e-05
   4.8850078e-01
   6.6210461e-06
   1.3989456e-06
   3.6222008e-06
   9.1294039e-01
   4.8283164e-05
   8.2144951e-09
   1.2144996e-10
   2.8810027e-07
   4.3736307e-02
   1.6136646e-03
   7.0029172e-02
   1.4989544e-03
   1.5842108e-02
   1.8356661e-03
   1.7902917e-06
   5.1932162e-03
   3.3195090e-01
   2.5062844e-07
   4.4096885e-04
   7.8324268e-02
   2.3764819e-02
   7.2963541e-01
   2.9335275e-01
   2.5677988e-03
   7.2380904e-01
   2.0807087e-01
   7.8344998e-01
   4.1085986e-01
   1.8698112e-01
   5.5774545e-05
   1.9867114e-06
   1.6852196e-02
   1.6156697e-08
   2.5134729e-07
   4.4019770e-09
   1.2989646e-12
   1.0933632e-09
   1.4186976e-08
   2.4738604e-07
   3.3541671e-09
   3.2386733e-09
   3.8373315e-08
   1.3277171e-04
   1.0497273e-03
   9.4571558e-08
   7.4745551e-15
   2.2143174e-10
   3.6718322e-06
   6.7503900e-05
   2.5218600e-09
   1.0413349e-07
   4.7336557e-05
   9.6100349e-06
   3.5007018e-08
   9.7746864e-01
   1.7190437e-01
   4.8419650e-01
   9.7169239e-01
   2.3508714e-04
   1.0266498e-10
   6.2966133e-05
   3.6645992e-06
   2.7283409e-03
   1.3601351e-10
   2.7585850e-02
   2.5929998e-02
