  -4.2015777e+00
  -2.9330218e+00
  -5.0079280e+00
  -6.4764279e-02
  -3.2538073e+00
  -5.9475639e+00
  -4.3714740e+00
  -5.0056246e+00
  -7.1433000e+00
  -5.2971002e+00
  -2.3502138e+00
  -2.6497061e+00
  -1.5566060e+00
  -1.0246110e+00
  -4.5590369e+00
  -6.2289463e+00
  -7.3800824e+00
  -1.0159180e+00
  -5.5823891e+00
  -5.4243394e+00
  -4.4948444e+00
  -2.2711822e+00
  -6.0216820e+00
  -4.2757112e+00
  -3.5558168e+00
  -5.6510377e+00
  -5.0427485e+00
  -7.5638533e+00
  -6.0777266e+00
  -5.9173671e+00
  -7.6463087e+00
  -8.7046918e+00
  -5.3122671e+00
  -8.2983588e+00
  -7.4178606e+00
  -7.1208062e+00
  -3.2010206e+00
  -4.3877115e+00
  -5.5375450e+00
  -3.4323698e+00
  -4.2420550e+00
  -3.4890294e+00
  -2.8221987e+00
  -2.0824932e+00
  -1.0919615e+00
  -5.4199770e-01
  -1.4863992e+00
  -2.3986762e+00
  -8.4256343e-01
   8.1711853e-01
  -2.7879894e-01
  -1.0128252e+00
  -2.7740981e+00
  -2.0806203e+00
  -4.6044325e+00
  -2.9747302e+00
  -2.7074282e-01
   4.1101105e-01
   2.9329639e+00
  -3.2492767e-01
   8.5957949e-01
  -6.9236092e-01
   2.1413442e+00
   2.0806456e+00
  -1.7199753e+00
   3.7592916e+00
   1.6130344e+00
  -9.5786664e-02
  -5.5305342e-01
  -2.8008958e+00
  -2.4843799e+00
  -4.1376837e+00
  -5.3869664e+00
  -2.3399392e+00
   8.0938416e-01
  -3.4930710e+00
  -2.4047181e+00
   5.6609874e-01
  -4.3316033e+00
  -4.8273978e+00
  -1.9122264e+00
  -3.9300665e+00
  -4.7714222e+00
  -4.0318550e+00
  -5.1015661e+00
  -4.6706355e+00
  -4.9523353e+00
  -3.5280010e+00
  -4.6199133e+00
  -4.9119328e+00
  -3.1734966e+00
  -2.6933627e+00
  -1.8679688e+00
  -2.1305984e+00
  -1.5774629e+00
  -6.1879075e+00
  -3.7551773e-01
  -3.1427620e+00
  -4.1263389e+00
  -4.4937477e+00
  -3.2956225e+00
  -5.2855496e+00
  -5.9563811e+00
  -4.6095959e+00
  -4.9967104e+00
  -5.3974921e+00
  -6.7790585e+00
  -6.6093868e+00
  -5.1663151e+00
  -5.5744315e+00
  -4.5270710e+00
  -5.0072462e+00
  -6.5561097e+00
  -6.5946397e+00
  -3.2110350e+00
  -4.5803008e+00
  -5.1409435e+00
  -3.4784215e+00
  -6.1790672e+00
  -5.0159311e+00
  -3.8756887e+00
  -4.2861325e+00
  -4.2607057e+00
  -3.4534605e+00
  -6.2085056e+00
  -5.9125426e+00
  -3.5375636e+00
  -4.3798853e+00
  -6.8159225e+00
  -6.2679025e+00
  -7.6391944e+00
  -6.2977011e+00
  -7.2411825e+00
  -7.2325472e+00
  -5.8176241e+00
  -5.3942354e+00
  -6.5020260e+00
  -5.8991012e+00
  -2.7178260e+00
  -2.7273143e+00
  -3.3308937e+00
  -2.8309064e+00
  -4.6222541e+00
  -4.9894958e+00
  -3.9765616e+00
  -4.6866700e+00
  -7.1164708e+00
  -4.7581705e+00
  -6.0651457e+00
  -4.8790809e+00
  -4.1708618e+00
  -2.4679027e+00
  -2.0301599e-01
  -1.0008812e+00
  -2.0214549e+00
  -3.6396838e+00
  -5.2596240e+00
  -6.1075212e+00
  -5.7550967e-01
  -1.2631264e+00
  -5.5161208e+00
  -5.6462703e+00
  -5.0114019e+00
  -5.8321686e+00
  -4.5439794e+00
  -3.6597769e+00
  -1.4352726e+00
   1.6240530e+00
  -2.5328542e+00
  -3.3041358e+00
  -3.8096014e+00
  -3.3500742e+00
  -2.1068427e+00
  -2.6233974e+00
  -4.2271708e+00
  -3.8498490e+00
  -4.6051038e+00
  -2.9676978e+00
  -2.7397277e+00
  -2.0704873e+00
  -1.2346950e+00
   6.2400149e-01
  -8.5324630e-01
  -3.2344029e-01
  -2.8367328e+00
   5.0541644e-01
  -1.0243554e+00
  -1.9362567e+00
  -5.2409920e+00
  -2.5763095e+00
  -5.5535821e+00
  -4.6569902e+00
  -4.1841928e+00
  -5.6244962e+00
  -7.0403272e+00
  -6.3850211e+00
  -4.9786121e+00
  -6.0655906e+00
  -6.1456022e+00
  -5.6522832e+00
  -6.1849945e+00
  -4.5377828e+00
  -5.8694453e+00
  -6.2481252e+00
  -7.2457735e+00
  -3.4438851e+00
  -7.2526172e+00
  -4.7882188e+00
  -4.0774791e+00
  -4.9433784e+00
  -7.5673178e+00
  -6.9739660e+00
  -2.4399456e+00
  -1.2766477e+00
  -5.8177240e+00
  -4.2612017e-02
  -2.4244124e+00
  -2.1074370e+00
  -7.6983424e+00
  -4.6481688e+00
  -2.5992856e+00
  -2.6840157e+00
  -3.5276045e+00
  -6.7570800e+00
  -4.2228295e-01
  -3.5213582e+00
   2.7415685e-01
  -1.1865164e+00
  -4.3157327e+00
  -1.9558996e+00
  -5.4816356e+00
  -1.6805677e+00
  -2.9577603e+00
  -5.6279199e+00
  -5.7324155e+00
  -2.9983275e+00
  -3.3759120e+00
  -2.2930009e+00
  -1.9076458e+00
  -3.0623094e+00
   4.4380210e-01
  -6.9597269e-01
  -4.8928026e+00
  -5.6733423e+00
  -2.8290943e+00
  -2.4881222e+00
  -1.1956401e+00
  -3.4475312e+00
  -4.7985192e+00
  -4.6836777e+00
  -6.6740418e+00
  -5.9446828e+00
  -5.4796037e+00
  -6.9168856e+00
  -7.3216649e+00
  -7.9778794e+00
  -6.3534452e+00
  -8.1667391e+00
  -6.3997310e+00
  -8.1108139e+00
  -6.5624123e+00
  -6.6770900e+00
  -4.8704921e+00
  -4.5061028e+00
  -5.5952581e+00
  -5.2071153e+00
  -4.3813569e+00
  -3.8277245e+00
  -4.6156259e+00
  -3.5314233e+00
  -1.3896809e+00
  -4.9321730e+00
  -2.0814554e+00
  -2.6286611e+00
  -1.1074496e+00
  -1.8542720e+00
  -3.0315453e+00
   2.4751473e-02
  -2.9018709e-01
  -1.3735105e+00
  -2.3810761e+00
  -4.2651382e+00
  -2.2855462e+00
  -3.6358574e+00
  -1.3104350e+00
  -1.5747465e+00
  -1.2992591e+00
  -1.2833992e+00
  -2.0390414e+00
   5.6529866e-01
   1.2821142e+00
   1.3998173e+00
   1.6705844e+00
  -9.5983076e-01
   2.8334626e+00
  -1.6176254e+00
  -1.1591972e-01
   2.9323191e-01
   8.6421607e-01
  -2.7034535e+00
   3.1989822e-01
   1.6444969e-01
  -2.9437145e+00
  -3.4920551e+00
  -6.2746218e+00
  -4.7819829e+00
  -4.1575828e+00
  -4.0268771e+00
  -6.5172739e+00
  -4.2411303e+00
  -5.0122111e+00
  -5.9424955e+00
  -6.1909776e+00
  -4.8695214e+00
  -5.4802830e+00
  -4.6587338e+00
  -3.1070778e+00
  -2.8937107e+00
  -5.1961260e+00
  -3.3990849e+00
  -5.7007497e-01
  -3.0312330e+00
  -8.3574672e-01
  -3.0497361e+00
  -6.7782486e-01
  -2.6459365e+00
  -1.2789862e+00
  -6.2647825e-01
  -4.1867788e+00
  -1.5394321e+00
  -3.6245158e+00
  -5.1038936e+00
  -2.7672291e+00
  -3.5780330e+00
  -5.2263489e+00
  -6.6676694e+00
  -6.4255380e+00
  -4.6313150e+00
  -3.1653364e+00
  -3.2372729e+00
  -3.9210288e+00
  -3.5623800e+00
  -2.6968475e+00
  -3.6349671e+00
  -3.2517136e+00
  -3.9345750e+00
  -6.3731642e+00
  -7.4605905e+00
  -2.9942611e+00
  -5.3140145e+00
  -4.3232104e+00
  -5.4347166e+00
  -5.5498640e+00
  -6.5006663e+00
  -6.0835789e+00
  -6.2764842e+00
  -5.2923550e+00
  -6.2361041e+00
  -8.2009869e+00
  -8.1476429e+00
  -6.2214823e+00
  -5.8461438e+00
  -5.6038460e+00
  -4.3034495e+00
  -5.1341054e+00
  -7.1759719e+00
  -5.1276363e+00
  -4.2832574e+00
  -6.8340054e+00
  -4.0629079e+00
  -2.8609055e+00
  -5.1944974e+00
  -4.3176562e+00
  -5.1800140e+00
  -4.5037368e+00
  -3.5279341e+00
  -8.8011821e-01
  -2.1523391e-01
  -9.5728020e-02
  -2.1373114e-01
  -4.3739419e+00
  -6.9319035e-01
  -4.5522568e+00
  -4.8822841e+00
  -4.6826379e+00
   1.0938387e-01
  -4.0983951e+00
  -5.8605709e+00
  -6.5717135e+00
  -5.1995255e+00
   2.0215523e+00
  -3.1701622e+00
   1.8154740e+00
  -3.1919466e+00
  -2.4204990e+00
  -3.1317834e+00
  -4.8311902e+00
  -2.8067296e+00
  -9.7110161e-01
  -5.2267212e+00
  -3.5370420e+00
  -1.7639828e+00
  -2.2675981e+00
  -3.4579735e-01
   1.0518632e+00
  -3.0299870e+00
  -3.5356462e-01
  -1.2604602e+00
   2.7496862e-01
  -8.2304724e-01
  -1.3213107e+00
  -4.0637920e+00
  -4.8094891e+00
  -2.3976821e+00
  -5.7397650e+00
  -5.2261634e+00
  -5.9701924e+00
  -7.2739414e+00
  -6.2091703e+00
  -5.7631461e+00
  -5.2292566e+00
  -6.0174468e+00
  -6.0235154e+00
  -5.5821393e+00
  -3.8502278e+00
  -3.2955074e+00
  -5.4137380e+00
  -8.0127958e+00
  -6.4742596e+00
  -4.6797300e+00
  -4.0176156e+00
  -6.0666977e+00
  -5.3954975e+00
  -4.1031260e+00
  -4.4701276e+00
  -5.5990441e+00
  -2.8256276e-02
  -1.3680027e+00
   7.0007220e-01
   3.5502928e-02
  -3.7039318e+00
  -6.5987701e+00
  -4.0345026e+00
  -4.6801514e+00
  -3.0112947e+00
  -6.5534269e+00
  -2.2093675e+00
  -2.2336837e+00
