   4.1351677e-01
   9.0585616e-01
   4.7310832e-01
   7.8751416e-01
   1.7741076e-02
   3.0829000e-03
   4.2555834e-01
   4.2953551e-01
   3.8996431e-03
   2.6421401e-03
   7.0227705e-01
   1.0805719e-05
   2.1489629e-07
   1.7813915e-03
   4.3478313e-03
   5.1295417e-03
   1.6745633e-03
   1.8751854e-01
   1.5487218e-01
   3.5585945e-01
   6.1454229e-03
   2.3347284e-03
   2.4403370e-04
   1.7988622e-04
   3.6336593e-03
   2.6909047e-05
   2.9772413e-02
   1.1081558e-02
   7.5377987e-03
   1.5337629e-03
   8.0539361e-01
   9.6450700e-04
   1.5479126e-01
   2.5908273e-05
   7.6731544e-03
   4.9592202e-04
   3.9645392e-02
   5.7156518e-02
   1.4353797e-03
   1.0495170e-01
   3.2021268e-02
   3.0182776e-07
   2.8820507e-03
   2.5642566e-02
   2.2128513e-02
   7.3901122e-01
   1.9044696e-01
   8.7601008e-01
   3.4318462e-01
   2.6817110e-04
   5.3271244e-02
   3.6153385e-02
   8.0997134e-03
   1.5635832e-02
   8.1406014e-04
   2.4428785e-04
   1.1506949e-02
   4.5080431e-02
   3.2533512e-03
   7.0700786e-06
   1.4110898e-02
   4.4535956e-06
   3.5862146e-04
   2.3441304e-03
   1.5045532e-05
   7.3650598e-05
   2.8589305e-03
   5.8892913e-05
   1.1960160e-03
   2.4455616e-07
   2.4491247e-03
   1.5241728e-03
   2.1069240e-01
   9.3455260e-04
   8.9681970e-04
   1.2203572e-06
   1.4476859e-03
   1.3318201e-05
   4.1784407e-02
   1.3618860e-05
   9.2280843e-02
   4.7284969e-02
   1.1597862e-01
   6.3900453e-04
   7.8619829e-05
   6.5403477e-04
   2.9431939e-04
   7.2972743e-04
   1.6042105e-03
   3.7331288e-03
   2.2048730e-01
   2.1877107e-02
   1.8823058e-02
   6.1640362e-04
   1.5919608e-01
   9.8059835e-02
   2.7913822e-03
   8.9060100e-01
   6.8299354e-03
   1.3333683e-03
   9.1635554e-03
   1.3125730e-01
   5.4424539e-03
   5.6094133e-02
   2.9092147e-02
   2.2344400e-01
   1.4230444e-01
   7.9122794e-03
   1.6540990e-01
   6.4537635e-01
   2.4047064e-01
   6.9443125e-01
   3.2368421e-01
   2.9005026e-02
   2.7476536e-01
   8.4918018e-02
   6.0867228e-02
   2.0162062e-02
   2.6691422e-03
   9.9345731e-01
   3.5697417e-02
   3.1252881e-04
   1.6004438e-01
   4.3950576e-01
   2.6546136e-01
   8.2344661e-02
   6.4959259e-03
   1.0194668e-02
   1.4654709e-03
   6.1933691e-03
   1.4354597e-03
   3.7560888e-02
   4.8798356e-02
   2.1671395e-01
   8.7223370e-02
   3.3364870e-02
   7.2620899e-01
   6.7718256e-01
   5.9002459e-01
   9.2653466e-01
   9.9288644e-01
   7.0306422e-01
   4.8146833e-01
   1.0595138e-01
   7.7420150e-01
   3.4831224e-01
   4.4190223e-01
   1.2235516e-01
   3.9992281e-02
   5.3245931e-01
   7.6616470e-01
   3.7837116e-01
   2.2360351e-01
   2.8340223e-01
   9.0841102e-01
   2.8617757e-01
   4.4127102e-01
   4.5260182e-01
   2.6588001e-02
   4.2086770e-03
   1.0670403e-02
   7.8846312e-03
   2.8312544e-03
   2.7194446e-01
   1.5918340e-02
   3.3196263e-01
   9.2012632e-03
   2.2685137e-01
   5.2422038e-01
   1.1669628e-03
   5.1028412e-01
   3.1072288e-02
   1.8492201e-04
   4.4705128e-04
   1.8069907e-03
   7.7873140e-01
   1.4816542e-03
   1.3704492e-04
   1.0774014e-02
   1.0066811e-01
   9.2963641e-02
   4.0019236e-03
   2.9500327e-01
   4.9039170e-03
   1.4116344e-01
   4.9608391e-01
   3.6387050e-01
   7.5167861e-01
   9.0750282e-01
   4.2117748e-01
   7.3329482e-01
   3.5348800e-01
   1.5056468e-01
   4.1066502e-01
   7.4044690e-01
   3.9801853e-01
   5.1650008e-01
   7.5476064e-01
   9.3320089e-01
   9.4189832e-01
   4.6031478e-01
   7.6294522e-01
   1.1704932e-01
   1.5306103e-01
   1.8711332e-02
   4.6775882e-02
   1.0347835e-08
   1.5928450e-03
   3.3932337e-02
   1.9203843e-01
   1.2808194e-01
   8.3992082e-04
   1.0533556e-03
   5.5792306e-02
   3.5577458e-02
   2.1830163e-02
   1.2382695e-05
   7.5232075e-04
   2.0913151e-05
   1.5002208e-07
   4.2877930e-03
   1.2560428e-02
   6.2918709e-04
   1.5410770e-04
   1.0337738e-02
   1.2992033e-05
   1.1238380e-03
   5.6536945e-03
   4.4070298e-04
   4.0583891e-03
   1.8197285e-02
   4.7216826e-03
   5.9536162e-02
   2.5365156e-03
   1.2322509e-02
   5.7208147e-02
   7.0882219e-04
   4.9847409e-02
   1.1534612e-02
   5.4466718e-05
   2.4154573e-05
   2.9930471e-04
   4.2925780e-05
   6.4633046e-03
   1.4425875e-03
   2.7929634e-03
   1.1353910e-03
   1.7933319e-06
   4.0341152e-06
   5.3680302e-03
   1.2582170e-03
   3.4859253e-03
   4.5654160e-01
   2.0211119e-01
   5.9126575e-05
   4.1698876e-04
   4.3761709e-03
   1.0789484e-06
   1.8996345e-03
   1.5127807e-05
   6.7776592e-05
   1.1498373e-02
   1.1512665e-03
   1.0152861e-03
   7.9828863e-06
   5.3152362e-07
   2.1849798e-07
   7.8154122e-07
   4.0436695e-06
   4.5686445e-04
   1.3907532e-06
   6.4611124e-05
   8.8613070e-06
   1.6207310e-04
   8.7512911e-04
   2.9042170e-04
   4.6921251e-06
   1.0408427e-08
   1.1373230e-05
   9.0334940e-05
   2.4268307e-04
   1.3177436e-05
   5.8435990e-04
   3.4198255e-02
   7.2506553e-04
   1.2867736e-03
   6.5172139e-05
   1.6041590e-13
   3.6610647e-05
   2.4233648e-06
   1.2824132e-05
   8.0177119e-03
   3.3157332e-07
   7.6180855e-05
   2.9314774e-05
   1.1607334e-04
   2.0793618e-03
   1.5507625e-04
   6.6656344e-06
   8.0789714e-03
   9.9961380e-03
   1.3449358e-02
   1.4644053e-01
   1.2346552e-02
   6.2834820e-05
   6.6125379e-06
   1.9163714e-04
   1.7042713e-03
   2.0296395e-04
   3.6283648e-04
   6.3091961e-04
   2.0976726e-03
   2.5801217e-03
   1.8872399e-04
   6.7120284e-04
   2.1484914e-05
   4.2663856e-04
   1.5052438e-02
   1.5098962e-02
   5.3457065e-02
   8.2116608e-02
   3.3366148e-03
   1.8091107e-02
   8.3088964e-04
   3.0570935e-03
   6.6755427e-03
   7.3899408e-03
   6.0180324e-02
   1.2491428e-06
   1.7441539e-02
   1.0201228e-04
   9.1021962e-08
   5.4775155e-09
   4.7869236e-03
   1.4637429e-01
   5.7288437e-03
   5.0467571e-01
   2.7302598e-01
   9.2335726e-01
   6.5759176e-01
   9.2467013e-01
   6.2964917e-01
   3.2709281e-02
   1.0214543e-04
   9.4844934e-01
   1.9974854e-05
   4.3525452e-02
   1.6299455e-01
   4.4905512e-03
   2.0107843e-06
   1.0535750e-02
   4.2055785e-03
   3.0932830e-01
   2.4369423e-01
   5.6272809e-01
   8.4606001e-02
   8.3426024e-04
   1.2191943e-02
   3.1496975e-05
   7.3574970e-02
   3.3468551e-04
   8.8167886e-01
   8.9333556e-02
   2.4994657e-04
   2.2639724e-03
   4.4351562e-01
   6.3962918e-01
   1.6984837e-01
   1.7959004e-01
   9.6050145e-01
   4.6692359e-02
   3.6587912e-02
   1.9226578e-03
   4.6523261e-02
   4.0650509e-01
   5.0990650e-03
   5.3877228e-03
   3.2825323e-04
   4.5089551e-03
   3.5616647e-05
   3.0272283e-03
   2.1707080e-02
   6.5648800e-03
   6.8755329e-04
   1.2171743e-01
   2.7421192e-01
   1.7903204e-01
   8.9141681e-02
   8.4570835e-02
   1.8767567e-01
   9.2380712e-04
   3.7223749e-02
   5.2080676e-04
   2.2686567e-01
   6.6056424e-02
   4.0005082e-04
   4.6458866e-01
   3.2741754e-02
   2.5872571e-02
   8.1460358e-02
   3.7079506e-01
   6.7591843e-01
   3.6904814e-01
   5.9458100e-01
   9.2004228e-03
   5.5971810e-01
   6.4837136e-01
   5.0184571e-01
   1.1448029e-01
   4.0488382e-01
   3.4154619e-01
   1.2545758e-01
   5.6270245e-03
   5.0832525e-02
   7.6887297e-01
   8.3818540e-01
   8.4042204e-01
   1.9578157e-01
   1.7895569e-01
   5.5413851e-01
   7.9916654e-01
   2.6892940e-01
   5.3084265e-02
   4.0001044e-01
   3.1877976e-01
   1.8045427e-02
   2.2860587e-01
   2.2424667e-01
   2.3734744e-01
   2.6082676e-01
   4.3936205e-03
   7.3830720e-02
   2.0590826e-03
   1.6937316e-01
   9.2953810e-02
   4.1098522e-01
   2.9601167e-01
   7.6756180e-02
   1.0045451e-03
   1.2419872e-03
   1.8348601e-01
   1.3298307e-02
   6.7537682e-02
   2.6624184e-02
   4.6690024e-01
   1.0226384e-01
   2.2064753e-01
   1.2605006e-02
   1.8271297e-01
   9.2171040e-01
   7.4569401e-05
   2.2526417e-02
   1.7550460e-02
   9.4116860e-05
   1.5899315e-01
   7.8787672e-06
   8.3955853e-06
   1.3350242e-05
   2.1923471e-01
   7.8757021e-01
   4.2698004e-01
   9.0769826e-02
   3.0170859e-05
   1.5699876e-01
   3.6639908e-01
   7.5851129e-01
   2.4271417e-01
   3.0598980e-01
   1.7331231e-02
   2.3403810e-02
   1.9862207e-01
   4.7730075e-01
   4.7181864e-02
   4.1806377e-01
   1.9182261e-01
   3.2332479e-02
   6.6738911e-01
   3.5091326e-02
   2.8473897e-02
   6.3136071e-02
   2.7461054e-03
   1.9652565e-02
   2.3954683e-04
   1.8211779e-07
   1.4830345e-01
   2.7173488e-01
   4.5714366e-03
   2.8039661e-05
   1.9846124e-04
   6.2444627e-02
   2.9997784e-01
   2.7784548e-02
   7.9413669e-02
   6.3951773e-02
   1.1215865e-03
   1.7423306e-02
   1.2845396e-01
   1.8676366e-01
   3.7181084e-01
   6.9714087e-01
   8.4620216e-02
   3.5552101e-02
   7.6990301e-06
   1.4138340e-02
   2.6530228e-01
   5.1870487e-03
   2.7360178e-01
   2.1012638e-04
   3.0490319e-06
   2.8059686e-03
   1.4290801e-04
   1.0227716e-05
   6.7046970e-04
   1.7214696e-05
   3.4041701e-07
   2.3930302e-05
   1.7067781e-03
   3.9779645e-06
   6.2182440e-03
   3.2162915e-07
   8.5867042e-04
   1.1264421e-05
   1.9639569e-08
   8.8328636e-05
   7.0508138e-05
   9.5606357e-05
   1.3574227e-05
   1.9438932e-06
   6.4455251e-06
   1.5933051e-05
   1.3338855e-02
   6.4776234e-01
   7.1893200e-01
   2.1001986e-01
   3.3431988e-01
   3.0116118e-05
   1.4803013e-05
   2.2863544e-07
   2.1169898e-03
   4.2279609e-06
   2.7605669e-05
   1.2843135e-04
   1.3510700e-03
   2.6732663e-01
   1.8766324e-01
   7.9551434e-01
   2.8577841e-02
   6.5008731e-04
   3.1965143e-03
   9.1987264e-03
   6.6498194e-05
   2.0501180e-01
   2.2087963e-03
   2.2686871e-08
   2.9836169e-01
   2.8687135e-02
   1.6199086e-04
   4.4909384e-06
   1.1097195e-01
   1.3133316e-03
   4.7053178e-03
   3.1363566e-03
   1.0914399e-05
   9.1763913e-05
   1.0203080e-04
   2.6699483e-01
   2.1476297e-04
   1.3940493e-03
   4.9702623e-05
   3.3004827e-03
   1.9919813e-04
   5.4177538e-04
   5.7100888e-04
   2.5730734e-05
   1.9462662e-05
   5.6478993e-06
   5.4141644e-07
   1.5808709e-05
   1.7437715e-07
   2.0392232e-06
   6.9145887e-06
   8.4706381e-03
   2.5451410e-07
   1.6611356e-05
   2.2968104e-01
   3.8129793e-02
   2.2917583e-03
   3.7768091e-04
   2.1206359e-03
   1.6971026e-04
   8.2206009e-04
   2.6460828e-04
   1.3365486e-02
   2.1631924e-03
   7.1052605e-02
   1.2044339e-02
   7.7580947e-05
   4.7687049e-06
   2.3684999e-03
   8.2332603e-03
   6.9273197e-01
   5.6834147e-02
   6.0813816e-03
   1.4410591e-02
   1.2888117e-02
   3.0393595e-04
   4.6021941e-03
   1.1577924e-02
   1.2162421e-03
   1.4935009e-01
   4.5853510e-02
   5.5800264e-04
   4.9077911e-02
   9.9664771e-02
   1.1996654e-01
   1.1474855e-04
   1.1665282e-02
   8.4244002e-01
   8.1282987e-02
   2.0553952e-01
   8.7409725e-02
   1.9369654e-03
   6.1465273e-02
   6.4959982e-02
   7.5650313e-03
   2.7199347e-02
   5.5888064e-02
   1.8335273e-03
   1.4572722e-01
   3.2593513e-02
   8.0421133e-03
   5.0916785e-03
   3.3332515e-01
   1.5957141e-02
   6.4125278e-01
   2.4319979e-01
   2.4412202e-01
   2.1974136e-01
   6.0244745e-02
   2.6114407e-02
   9.4827268e-03
   1.9964931e-03
   5.4574284e-01
   2.0945146e-01
   7.6306846e-01
   6.0421080e-01
   1.6553168e-01
   1.8668619e-02
   4.1835631e-02
   5.8845634e-01
   1.7691253e-01
   6.4267393e-01
   9.8746670e-01
   5.3718957e-03
   2.7162549e-02
   2.0468524e-02
   2.0657535e-03
   1.7920992e-03
   1.8853275e-01
   5.6017140e-02
   4.7148795e-02
   8.6703882e-02
   1.2362398e-01
   2.3289028e-01
   1.1371378e-02
   9.2523938e-02
   8.0636321e-07
   5.1683127e-06
   1.5722888e-02
   1.0568642e-01
   1.2952064e-02
   4.6935675e-08
   6.3969382e-06
   3.2165810e-07
   2.2712663e-06
   8.8037685e-04
   5.9019262e-04
   6.4861378e-07
   1.9357742e-01
   1.2853492e-01
   1.0482773e-01
   4.7687084e-01
   1.9447370e-01
   8.0639970e-02
   4.1259169e-02
   7.0853640e-02
   9.2607416e-01
   7.9984264e-01
   1.1081181e-01
   8.0654502e-01
   6.4540644e-03
   7.4213114e-04
   5.3957945e-02
   7.4504172e-02
   7.9396276e-02
   3.8403088e-02
   6.2790076e-05
   5.5927523e-01
   2.6482403e-02
   2.2652838e-02
   2.1371003e-02
   1.8509663e-02
   1.5999086e-04
   7.7177539e-03
   1.0318647e-01
   4.3682530e-03
   1.9625513e-02
   2.0715288e-02
   5.8357417e-04
   1.2757900e-03
   1.3721806e-02
   9.3710376e-03
   4.2654572e-02
   1.5741663e-03
   1.8900241e-03
   5.3586243e-03
   2.5137709e-05
   4.8989213e-04
   4.4574706e-02
   1.9774893e-04
   2.5768357e-05
   3.6694049e-07
   1.3694923e-06
   1.5227133e-05
   4.6138939e-03
   8.8673039e-04
   1.0576827e-08
   2.9252771e-06
   7.3117005e-03
   3.2866884e-02
   5.0388849e-03
   4.4272709e-05
   7.8389098e-03
   1.1522604e-06
   1.7134541e-09
   9.1646114e-07
   2.3625558e-04
   2.6509965e-06
   7.2033815e-06
   1.2998121e-01
   4.5663940e-03
   1.1796765e-04
   2.8071892e-06
   2.0755291e-02
   3.0831613e-02
   4.7691493e-03
   4.8035749e-03
   2.8612318e-06
   6.7642353e-04
   5.6407077e-05
   3.7685316e-04
   6.8009411e-02
   3.2577848e-04
   4.3235531e-05
   1.4615340e-10
   1.7994737e-06
   1.3856869e-05
   5.5700056e-08
   7.6509643e-07
   2.2265491e-05
   1.7557282e-08
   2.2904690e-07
   1.2290779e-11
   9.5005258e-08
   1.4606531e-01
   1.4419597e-06
   2.3141892e-07
   2.2565189e-09
   3.8981831e-06
   1.3031991e-03
   1.1628769e-04
   3.6195491e-06
   2.4944086e-04
   1.4116688e-03
   3.9584138e-07
   1.5677742e-11
   2.0110929e-06
   8.6327327e-05
   5.8427571e-05
   9.2984523e-06
   1.6830076e-04
   4.8947380e-07
   3.3483233e-12
   5.8078265e-04
   1.1519872e-05
   8.7673705e-05
   9.6735620e-08
   1.0103255e-03
   1.0092323e-03
   9.0868757e-03
   1.7089194e-03
   2.6258414e-04
   4.5977211e-07
   4.6351073e-06
   1.0286259e-04
   4.4730295e-02
   1.0148612e-03
   8.3321580e-04
   1.5264826e-01
   8.9075689e-03
   1.0846762e-02
   6.2991781e-03
   1.5180907e-06
   7.6962161e-04
   2.5940366e-04
   2.7059098e-07
   2.1613182e-05
   3.2088514e-03
   2.5339473e-07
   3.9342836e-05
   2.7574276e-07
   1.1224552e-05
   6.5804337e-03
   1.1975181e-07
   8.2332778e-07
   2.8525901e-07
   1.2174348e-04
   5.2066630e-02
   4.2422155e-04
   2.0329453e-02
   1.5683896e-06
   3.8443539e-07
   2.8927176e-07
   5.2240427e-06
   6.3362870e-06
   7.4229611e-05
   3.6166736e-03
   7.2739236e-05
   2.2934447e-03
   7.9698541e-05
   3.1776867e-03
   7.6799310e-08
   6.0358124e-08
   3.4432126e-09
   5.2572016e-06
   6.4497525e-03
   2.5777437e-01
   9.8759789e-05
   5.3430809e-05
   4.1923277e-04
   1.4596195e-03
   9.9881256e-04
   3.8178557e-04
   1.4378953e-03
   1.2691073e-02
   3.6804283e-03
   3.7893527e-01
   6.2103876e-05
   2.9945981e-02
   3.3526113e-02
   8.1510844e-01
   3.2602625e-03
   1.4816027e-04
   1.6256853e-05
   6.3779303e-05
   3.7742849e-05
   8.5770534e-03
   1.4686504e-04
   6.2598102e-02
   2.1561295e-03
   4.2842714e-04
   6.5977653e-02
   2.4261498e-01
   2.6189930e-02
   4.1631087e-04
   1.9694793e-05
   6.2327313e-05
   2.2868258e-03
   1.6372413e-03
   5.6327493e-01
   9.1926532e-02
   2.9121164e-01
   8.5153144e-02
   9.3770272e-04
   9.3703540e-03
   1.7281878e-04
   3.8441196e-08
   1.6837455e-03
   1.2767971e-03
   2.3072835e-06
   1.2090346e-02
   3.5151733e-06
   1.8501763e-05
   4.8799254e-03
   2.3465032e-05
   3.6827177e-04
   2.2648371e-02
   8.5680647e-01
   3.0133702e-03
   2.4924614e-02
   6.7657618e-02
   2.2586286e-03
   6.9520166e-02
   8.8001727e-02
   5.3168630e-04
   1.7970208e-02
   7.5519315e-01
   1.9064945e-01
   6.8630255e-01
   1.1764322e-02
   2.6259623e-04
   1.8654693e-02
   5.9998552e-01
   3.9942411e-01
   1.0199981e-01
   6.2561389e-01
   2.5722171e-01
   7.8509652e-01
   6.6052444e-01
   1.8487558e-01
   4.2859057e-01
   4.1142005e-01
   2.2179439e-01
   6.8412844e-03
   4.6718490e-01
   4.7934517e-01
   6.0521852e-01
   1.1327205e-02
   2.7899044e-01
   1.9338506e-03
   1.4063266e-01
   5.7315192e-03
   7.5004528e-03
   5.0439092e-03
   1.1462015e-02
   1.3833564e-02
   2.0467483e-01
   2.9806432e-01
   2.3242423e-01
   2.7234071e-01
   9.3236178e-02
   4.9880841e-03
   2.2820625e-01
   5.9892414e-03
   8.8541842e-03
   2.5851181e-04
   6.6136354e-02
   7.7922159e-03
   5.9208393e-06
   3.2542282e-05
   1.0604783e-02
   3.7897494e-02
   1.3834240e-02
   1.4917902e-03
   3.6208070e-02
   1.7709129e-03
   1.5099738e-02
   1.5912868e-03
   3.9451889e-01
   9.8277118e-01
   7.4660261e-06
   1.4085910e-01
   1.4063963e-03
   3.6780408e-04
   1.5428303e-03
   8.2803773e-03
   3.5660518e-04
   1.3914022e-02
   8.9392020e-06
   6.8610189e-03
   5.4772703e-03
   2.7890065e-06
   2.3996585e-02
   4.3182174e-02
   2.4876748e-06
   2.7649024e-04
   3.7763183e-03
   2.5126094e-01
   8.5321766e-01
   1.8089730e-03
   4.4107452e-01
   9.3430377e-02
   8.4793063e-01
   1.4730971e-02
   8.0297030e-03
   4.1436236e-02
   2.8473013e-01
   9.4841274e-01
   1.3818129e-01
   7.2641449e-01
   9.6129867e-01
   1.9864124e-04
   9.3925654e-05
   1.0892166e-03
   4.9209168e-04
   4.4715845e-03
   2.6144140e-03
   2.9545746e-01
   7.6971016e-02
   1.1940427e-01
   5.1523569e-01
   2.5243754e-03
   9.4942044e-04
   3.7328627e-03
   2.6098577e-01
   1.1302263e-02
   1.1453647e-02
   2.1625636e-02
   5.4778292e-01
   3.5012120e-01
