   8.1886680e-01
  -1.1836758e-01
  -7.1834352e-01
  -2.6978270e-01
  -2.3842191e+00
  -2.9837579e+00
   7.9790955e-01
  -7.9106447e-01
  -2.9089227e+00
  -3.0320888e+00
  -3.8261627e-01
  -4.4767041e+00
  -5.3098265e+00
  -3.1528918e+00
  -2.8737618e+00
  -2.8196678e+00
  -3.1715108e+00
  -1.3209888e+00
  -1.4261486e+00
  -9.2472062e-01
  -2.7596048e+00
  -3.0704012e+00
  -3.7134225e+00
  -3.7934751e+00
  -2.9315763e+00
  -4.2646710e+00
  -2.1835860e+00
  -2.5560909e+00
  -2.6904658e+00
  -3.1978048e+00
  -2.4659221e-01
   3.3339170e+00
  -1.4264293e+00
  -4.2736450e+00
  -2.6843749e+00
  -3.5217012e+00
  -2.0664958e+00
  -1.9095094e+00
  -3.2175386e+00
  -1.6262582e+00
  -2.1542594e+00
  -5.2417068e+00
  -3.0049378e+00
  -2.2428321e+00
  -2.3001849e+00
  -3.3347374e-01
  -1.3122461e+00
   1.5616325e-01
   9.4940374e-01
  -3.6883838e+00
  -1.9404237e+00
  -2.1047138e+00
  -2.6657935e+00
  -2.4312609e+00
  -3.3825810e+00
  -3.7131469e+00
  -2.5426626e+00
  -2.0123700e+00
  -2.9667534e+00
  -4.5726125e+00
  -2.4689725e+00
  -4.6753238e+00
  -3.6103544e+00
  -3.0691624e+00
  -4.4007204e+00
  -4.0204599e+00
  -3.0074621e+00
  -4.0757042e+00
  -3.2713519e+00
  -5.2839798e+00
  -3.0556301e+00
  -3.1996760e+00
  -1.2543649e+00
  -3.3430133e+00
  -3.3548662e+00
  -4.9540366e+00
  -3.2150028e+00
  -4.4288348e+00
  -2.0444828e+00
  -4.4236988e+00
  -1.6889196e+00
  -1.9919855e+00
  -1.5764694e+00
  -3.4511065e+00
  -4.0042143e+00
  -3.4445740e+00
  -3.6635502e+00
  -3.4136693e+00
  -3.1843820e+00
  -2.9229325e+00
  -1.2278098e+00
  -2.3045864e+00
  -2.3619286e+00
  -3.4612049e+00
  -1.4113111e+00
  -1.6595358e+00
  -3.0149460e+00
  -1.3766139e-01
  -2.7240224e+00
  -3.2393703e+00
  -2.6230279e+00
  -1.5133236e+00
  -2.8000960e+00
  -1.9177833e+00
  -2.1928341e+00
  -1.2199616e+00
  -1.4711547e+00
  -2.6738471e+00
  -1.3905157e+00
  -4.6066306e-01
  -1.1761576e+00
  -3.9322936e-01
  -9.8855228e-01
  -2.1940319e+00
  -1.0941670e+00
  -1.7285914e+00
  -1.8815832e+00
  -2.3358525e+00
  -3.0289224e+00
  -8.2070169e-03
  -2.1099349e+00
  -3.6474552e+00
  -1.4084363e+00
  -7.7406544e-01
  -1.1156721e+00
  -1.7431166e+00
  -2.7409610e+00
  -2.5856361e+00
  -3.2113732e+00
  -2.7569985e+00
  -3.2175221e+00
  -2.0889451e+00
  -1.9784521e+00
   1.2379367e+00
  -1.7158798e+00
  -2.1375749e+00
  -3.5050284e-01
  -4.1672092e-01
  -5.3938414e-01
   9.2283677e-02
  -8.9231236e-03
  -3.8155387e-01
  -7.0482711e-01
  -1.6215774e+00
  -2.8714416e-01
  -9.3934919e-01
   7.7001286e-01
  -1.5493657e+00
  -2.0628582e+00
  -6.2498477e-01
  -2.9766706e-01
   8.8221583e-01
  -1.2195404e+00
   1.0746468e+00
  -1.1514086e-01
  -1.0684605e+00
   7.7107904e-01
   7.5207124e-01
  -2.2285749e+00
  -2.8843103e+00
  -2.5695145e+00
  -2.6750496e+00
  -3.0105086e+00
  -1.1006335e+00
  -2.4246345e+00
  -9.7175078e-01
  -2.6215955e+00
  -1.2110093e+00
   6.3760508e-01
  -3.2785518e+00
  -6.5918797e-01
  -2.1664109e+00
  -3.7862840e+00
  -3.5502679e+00
  -3.1485837e+00
   2.8122709e-01
  -3.2081058e+00
  -3.8637481e+00
  -2.5660888e+00
   1.6467278e+00
  -1.6853719e+00
  -2.9005856e+00
  -1.0490541e+00
  -2.8344648e+00
  -1.4753902e+00
  -6.8150084e-01
  -9.0940652e-01
   3.1671897e-01
   1.1628776e-01
   8.0549302e-01
  -3.4106522e-01
   9.2929569e-01
  -1.4412477e+00
  -8.2388285e-01
  -3.3157018e-01
  -8.4638252e-01
  -6.4952397e-01
   3.1265609e-01
   8.3889147e-02
  -7.2945623e-02
  -7.3928681e-01
  -3.0189167e-01
  -1.5718376e+00
  -1.4324576e+00
  -2.3641774e+00
  -1.9966203e+00
  -5.8911732e+00
  -3.1865102e+00
  -2.1307014e+00
  -1.3075365e+00
  -1.5259539e+00
  -3.3736490e+00
  -3.3084046e+00
  -1.9201579e+00
  -2.1113180e+00
  -2.3054132e+00
  -4.4455581e+00
  -3.4050244e+00
  -4.3240798e+00
  -5.3811692e+00
  -2.8782747e+00
  -2.5112218e+00
  -3.4554514e+00
  -3.8335603e+00
  -2.5807183e+00
  -4.4345338e+00
  -3.2895520e+00
  -2.7874529e+00
  -3.5541916e+00
  -2.8960660e+00
  -2.3746785e+00
  -2.8468751e+00
  -1.8914329e+00
  -3.0447676e+00
  -2.5181113e+00
  -1.9091106e+00
  -3.4218938e+00
  -1.9692774e+00
  -2.5418048e+00
  -4.0948661e+00
  -4.2902010e+00
  -3.6590526e+00
  -4.1528279e+00
  -2.7426573e+00
  -3.2160510e+00
  -3.0147689e+00
  -3.2865671e+00
  -4.8724703e+00
  -4.6970784e+00
  -2.8046566e+00
  -3.2564680e+00
  -2.9448221e+00
  -7.4552571e-01
  -1.2783773e+00
  -4.0747312e+00
  -3.5693335e+00
  -2.8716514e+00
  -4.9799128e+00
  -3.1334498e+00
  -4.3994598e+00
  -4.0410645e+00
  -2.5429289e+00
  -3.2825112e+00
  -3.3190811e+00
  -4.5453225e+00
  -5.1266895e+00
  -5.3065091e+00
  -5.0471768e+00
  -4.6965591e+00
  -3.5443043e+00
  -4.9264594e+00
  -4.0528838e+00
  -4.5217567e+00
  -3.8205367e+00
  -3.3618918e+00
  -3.6671168e+00
  -4.6638181e+00
  -5.8900960e+00
  -4.4650211e+00
  -3.9694769e+00
  -3.7148916e+00
  -4.4312777e+00
  -3.4761328e+00
  -2.1275143e+00
  -3.4154841e+00
  -3.2498622e+00
  -4.0507495e+00
  -7.7353555e+00
  -4.1912059e+00
  -4.8079199e+00
  -4.4375212e+00
  -2.6692961e+00
  -5.2227382e+00
  -4.0120620e+00
  -4.2443402e+00
  -3.9061553e+00
  -3.1059386e+00
  -3.8319431e+00
  -4.5858049e+00
  -2.6666765e+00
  -2.5925637e+00
  -2.4864679e+00
  -1.4560174e+00
  -2.5174097e+00
  -4.0597598e+00
  -4.5875937e+00
  -3.7769774e+00
  -3.1662253e+00
  -3.7619558e+00
  -3.6071891e+00
  -3.4546800e+00
  -3.1032601e+00
  -3.0394755e+00
  -3.7809763e+00
  -3.4372818e+00
  -4.3177542e+00
  -3.5630768e+00
  -2.4452867e+00
  -2.4441507e+00
  -1.9389028e+00
  -1.7444216e+00
  -2.9587416e+00
  -2.3768800e+00
  -3.3767388e+00
  -2.9864072e+00
  -2.7317569e+00
  -2.6972329e+00
  -1.8866435e+00
  -4.9491264e+00
  -2.3906014e+00
  -3.9388728e+00
  -5.4791832e+00
  -6.0076871e+00
  -2.8423829e+00
  -1.4562572e+00
  -2.7830582e+00
  -6.6796063e-01
  -1.0981488e+00
   9.6287121e-02
  -4.4368577e-01
   9.4632754e-02
   4.8271972e-01
  -2.1456421e+00
  -3.9385434e+00
   6.4708675e-02
  -4.3348281e+00
  -2.0272624e+00
   1.3985275e+00
  -2.8632580e+00
  -4.8480122e+00
  -2.5740113e+00
  -2.8845487e+00
  -1.0183698e+00
   1.1681146e+00
  -5.7944296e-01
  -1.7303333e+00
  -3.3755819e+00
  -2.5219425e+00
  -4.2272328e+00
  -1.7955762e+00
  -3.6290213e+00
  -1.4896899e-01
  -1.7044810e+00
  -3.7070798e+00
  -3.0798744e+00
  -7.6729164e-01
  -4.6869661e-01
  -1.3760209e+00
  -1.3451795e+00
   4.9565993e-02
  -1.9973847e+00
  -2.0997904e+00
  -3.1297947e+00
  -1.9989360e+00
  -8.3123733e-01
  -2.8216316e+00
  -2.8034443e+00
  -3.6342516e+00
  -2.8619257e+00
  -4.1978158e+00
  -2.9894988e+00
  -2.3075883e+00
  -2.7374007e+00
  -3.4304972e+00
  -1.5520257e+00
  -1.0954321e+00
  -1.3469118e+00
  -1.7055084e+00
  -1.7305300e+00
  -1.3205172e+00
  -3.3463427e+00
  -2.0926755e+00
  -3.5081551e+00
  -1.2109719e+00
  -1.8448167e+00
  -3.5806518e+00
  -7.3225466e-01
  -2.1452393e+00
  -2.2393221e+00
  -1.7481934e+00
  -8.9633932e-01
  -4.1845152e-01
   8.9962140e-01
  -5.3278281e-01
   2.6216274e+00
   5.8391667e-01
  -4.5648838e-01
   6.7240690e-01
  -1.5830081e+00
  -8.3411586e-01
   9.5263675e-01
   1.5365786e+00
   2.7890252e+00
   1.9608089e+00
   2.9411738e-01
   2.0439367e-01
   2.0152953e-01
  -1.2965721e+00
  -1.3471491e+00
  -5.9224069e-01
   2.5465329e-01
  -1.1075963e+00
  -1.9419586e+00
  -8.4281038e-01
  -9.9863908e-01
  -2.3778306e+00
  -1.2064371e+00
  -1.2178440e+00
  -1.1840232e+00
  -1.1265793e+00
  -2.8703581e+00
  -1.7939755e+00
  -3.1089305e+00
  -1.3775590e+00
  -1.6854228e+00
  -8.2331860e-01
  -1.0468618e+00
  -1.7759824e+00
  -3.3221607e+00
  -3.2602846e+00
  -1.3331952e+00
  -2.4905696e+00
  -1.8347620e+00
  -2.2280381e+00
  -7.2846630e-01
  -1.6390225e+00
  -1.2273826e+00
  -2.5099439e+00
  -1.3355580e+00
  -9.8362723e-02
  -4.0173791e+00
  -2.2933071e+00
  -2.3882695e+00
  -3.9591734e+00
  -1.4120005e+00
  -4.5482793e+00
  -4.5339560e+00
  -4.4282822e+00
  -1.2311575e+00
  -2.6970977e-01
  -7.9545839e-01
  -1.6968466e+00
  -4.2374884e+00
  -1.4188123e+00
  -9.0461698e-01
   3.0771877e-01
  -1.1705519e+00
  -1.0254347e+00
   2.3929761e+00
   2.2785086e+00
  -1.2883543e+00
  -7.1154895e-01
  -1.9929207e+00
  -8.1091129e-01
   1.3081735e+00
  -2.1503420e+00
   4.3016145e-01
   2.1169643e+00
  -2.2014028e+00
  -1.8651997e+00
  -3.0200560e+00
  -2.3455901e+00
  -3.7183329e+00
  -5.3427725e+00
  -1.4493067e+00
  -1.1011157e+00
  -2.8574392e+00
  -4.2549087e+00
  -3.7678302e+00
  -1.8701401e+00
   1.0382877e+00
   2.2111489e+00
   1.7601182e+00
  -1.8594290e+00
  -3.2901370e+00
  -2.3909930e+00
  -1.5244616e+00
   1.3232589e+00
   8.9443534e-01
   3.8955907e-01
   1.7302539e+00
  -2.1116109e+00
  -4.5534729e+00
  -2.4682626e+00
  -1.1160443e+00
  -2.8159911e+00
  -1.0968288e+00
  -3.7528604e+00
  -4.7582199e+00
  -3.0133160e+00
  -3.8529926e+00
  -4.4892247e+00
  -3.4375896e+00
  -4.3695037e+00
  -5.2174166e+00
  -4.2924006e+00
  -3.1657831e+00
  -4.7001544e+00
  -2.7556536e+00
  -5.2288891e+00
  -3.3673319e+00
  -4.4672171e+00
  -5.7720565e+00
  -3.9751103e+00
  -4.0312800e+00
  -3.9552229e+00
  -4.4244543e+00
  -4.8552523e+00
  -4.5933117e+00
  -4.3874576e+00
  -2.4894645e+00
   4.5733663e-01
   3.6022775e-01
  -1.2562208e+00
  -9.6701657e-01
  -4.2379209e+00
  -4.4044750e+00
  -5.2974493e+00
  -3.1004577e+00
  -4.6867673e+00
  -4.2586108e+00
  -3.8803670e+00
  -3.2354733e+00
  -1.1113196e+00
  -1.3205545e+00
   2.5938884e-01
  -2.1999510e+00
  -3.4462759e+00
  -2.9723309e+00
  -2.6216917e+00
  -4.0457733e+00
  -1.2701788e+00
  -3.0874528e+00
  -5.7449897e+00
  -1.0417723e+00
  -2.1984293e+00
  -3.8206681e+00
  -4.6734840e+00
  -1.5985877e+00
  -3.2438397e+00
  -2.8480108e+00
  -2.9783342e+00
  -4.4744219e+00
  -3.9655365e+00
  -3.9388269e+00
  -1.1120923e+00
  -3.7471273e+00
  -3.2262049e+00
  -4.1172237e+00
  -2.9621956e+00
  -3.7668602e+00
  -3.4972035e+00
  -3.4825798e+00
  -4.2752715e+00
  -4.3409010e+00
  -4.6227504e+00
  -5.1229078e+00
  -4.3892724e+00
  -5.3513928e+00
  -4.8450043e+00
  -4.5775963e+00
  -2.6503381e+00
  -5.2759814e+00
  -4.3777901e+00
  -1.2036477e+00
  -2.0827147e+00
  -3.0761222e+00
  -3.5963101e+00
  -3.0999314e+00
  -3.8086063e+00
  -3.3797900e+00
  -3.6919426e+00
  -2.4887403e+00
  -3.0938493e+00
  -1.8116131e+00
  -2.5263180e+00
  -4.0075283e+00
  -4.6602434e+00
  -3.0659725e+00
  -2.6601570e+00
  -3.9553383e-01
  -1.9120063e+00
  -2.7631148e+00
  -2.4612851e+00
  -2.5019206e+00
  -3.6549371e+00
  -2.8552511e+00
  -2.5404654e+00
  -3.2664347e+00
  -1.4455649e+00
  -2.0051274e+00
  -3.4889973e+00
  -1.9759911e+00
  -1.6516229e+00
  -1.5593853e+00
  -3.9090727e+00
  -2.5377775e+00
  -1.9894680e-01
  -1.7492171e+00
  -1.2686963e+00
  -1.7148642e+00
  -3.1275435e+00
  -1.8772160e+00
  -1.8523801e+00
  -2.6892324e+00
  -2.2195884e+00
  -1.9194033e+00
  -3.1441769e+00
  -1.4586043e+00
  -2.1470811e+00
  -2.6682505e+00
  -2.8221092e+00
  -9.6901170e-01
  -2.4237325e+00
  -4.6642405e-01
  -1.1693433e+00
  -1.1670529e+00
  -1.2298018e+00
  -1.8861669e+00
  -2.2356607e+00
  -2.6110670e+00
  -3.1183392e+00
  -6.0484413e-01
  -1.2577927e+00
   3.0172985e-01
   5.1890689e-01
  -1.3901141e+00
  -2.3650402e+00
  -2.0439675e+00
  -5.4166167e-01
  -1.3535287e+00
   4.6443684e-01
  -1.5722001e-02
  -2.8044183e+00
  -2.2201244e+00
  -2.3300988e+00
  -3.1079433e+00
  -3.1510829e+00
  -1.3179496e+00
  -1.9183880e+00
  -1.9932211e+00
  -1.7187202e+00
  -1.5441057e+00
  -1.1953767e+00
  -2.5468934e+00
  -1.6876541e+00
  -5.0406856e+00
  -4.6424425e+00
  -2.4292077e+00
  -1.6228146e+00
  -2.5001301e+00
  -5.6070850e+00
  -4.5950019e+00
  -5.2288709e+00
  -4.8218740e+00
  -3.3601773e+00
  -3.4733595e+00
  -5.0857480e+00
  -1.3030096e+00
  -1.5241373e+00
  -1.6268412e+00
  -7.1224417e-01
  -1.3003854e+00
  -1.7529436e+00
  -2.0497976e+00
  -1.8128980e+00
  -9.2863808e-02
  -2.5377727e-01
  -1.5993081e+00
   2.4510346e-01
  -2.7431392e+00
  -3.4088928e+00
  -1.9348252e+00
  -1.7897823e+00
  -1.7602206e+00
  -2.0797499e+00
  -4.0599354e+00
   5.8457588e-01
  -2.2301453e+00
  -2.2911441e+00
  -2.3135830e+00
  -2.3682665e+00
  -3.8238818e+00
  -2.6823891e+00
  -1.6346112e+00
  -2.8722398e+00
  -2.3461133e+00
  -2.3255205e+00
  -3.4765084e+00
  -3.2523867e+00
  -2.4791721e+00
  -2.6152109e+00
  -2.0358015e+00
  -3.1900384e+00
  -3.1349877e+00
  -2.8052370e+00
  -4.2807834e+00
  -3.5250794e+00
  -2.0171650e+00
  -3.7687709e+00
  -4.2749259e+00
  -5.2022251e+00
  -4.9297161e+00
  -4.3979467e+00
  -2.8544223e+00
  -3.3581142e+00
  -5.8871339e+00
  -4.7672164e+00
  -2.7008634e+00
  -2.1436902e+00
  -2.8255408e+00
  -4.1453439e+00
  -2.6770465e+00
  -4.9661137e+00
  -6.2163785e+00
  -5.0140466e+00
  -3.7219904e+00
  -4.7885400e+00
  -4.5684229e+00
  -1.5183704e+00
  -2.8577992e+00
  -3.9020382e+00
  -4.7761500e+00
  -2.3247828e+00
  -2.1695435e+00
  -2.8436012e+00
  -2.8412453e+00
  -4.7720175e+00
  -3.4350989e+00
  -4.0862899e+00
  -3.5969060e+00
  -1.8315983e+00
  -3.6362896e+00
  -4.1510872e+00
  -6.6425921e+00
  -4.8717411e+00
  -4.4197095e+00
  -5.5742368e+00
  -5.0515882e+00
  -4.3093737e+00
  -5.7930228e+00
  -5.2970898e+00
  -7.0527200e+00
  -5.4708341e+00
  -1.4573770e+00
  -4.9188091e+00
  -5.2950299e+00
  -6.1674055e+00
  -4.7045976e+00
  -3.2461240e+00
  -3.9056863e+00
  -4.7208341e+00
  -3.7076167e+00
  -3.2224817e+00
  -5.1868397e+00
  -7.0131343e+00
  -4.8479794e+00
  -3.9808521e+00
  -4.0776531e+00
  -4.5108537e+00
  -3.8107694e+00
  -5.1435640e+00
  -7.2617356e+00
  -3.4778466e+00
  -4.4620932e+00
  -3.9769756e+00
  -5.4673129e+00
  -3.3204996e+00
  -3.3208131e+00
  -2.6259571e+00
  -3.1654060e+00
  -3.6939847e+00
  -5.1563526e+00
  -4.6665163e+00
  -3.9367761e+00
  -2.0156849e+00
  -3.3192023e+00
  -3.3759399e+00
  -1.4339034e+00
  -2.6328941e+00
  -2.5637010e+00
  -2.7513109e+00
  -4.9079071e+00
  -3.3985668e+00
  -3.6972234e+00
  -5.2636880e+00
  -4.3163573e+00
  -2.9711126e+00
  -5.2768652e+00
  -4.1738828e+00
  -5.2598983e+00
  -4.4680268e+00
  -2.7366023e+00
  -5.4255414e+00
  -5.0363596e+00
  -5.2530754e+00
  -3.8940154e+00
  -1.9503927e+00
  -3.5646314e+00
  -2.3327004e+00
  -4.9009905e+00
  -5.1927773e+00
  -5.2502644e+00
  -4.6400659e+00
  -4.5971292e+00
  -4.0185142e+00
  -2.9330740e+00
  -4.0235520e+00
  -3.0758958e+00
  -4.0008169e+00
  -2.9741986e+00
  -5.5122079e+00
  -5.5587766e+00
  -6.0916802e+00
  -4.6386634e+00
  -2.7433643e+00
  -1.1338367e+00
  -3.9470485e+00
  -4.0995645e+00
  -3.5678665e+00
  -3.2125629e+00
  -3.3238169e+00
  -3.5933728e+00
  -3.2170186e+00
  -2.5074879e+00
  -2.9274856e+00
  -8.8117125e-01
  -4.0626431e+00
  -2.1812556e+00
  -2.1356117e+00
   2.3404798e-01
  -2.9660813e+00
  -3.8437065e+00
  -4.3827944e+00
  -4.0560811e+00
  -4.1838824e+00
  -2.6460164e+00
  -3.8459672e+00
  -1.8690396e+00
  -3.0948510e+00
  -3.5619318e+00
  -1.8453566e+00
  -1.1707989e+00
  -2.2345233e+00
  -3.5697781e+00
  -4.3381300e+00
  -4.0617583e+00
  -3.0767852e+00
  -3.1782752e+00
  -5.7863146e-01
  -1.6907689e+00
  -1.0573426e+00
  -1.7272822e+00
  -3.3420440e+00
  -2.6152364e+00
  -3.8038951e+00
  -5.6452087e+00
  -3.1698679e+00
  -3.2521544e+00
  -4.8184899e+00
  -2.5249491e+00
  -4.7272282e+00
  -4.3527186e+00
  -2.8360745e+00
  -4.2970275e+00
  -3.6031580e+00
  -2.2912204e+00
  -1.8059725e-01
  -2.9909429e+00
  -2.2539674e+00
  -1.8339559e+00
  -3.0806009e+00
  -1.8215867e+00
  -1.7116495e+00
  -3.5024224e+00
  -2.3794006e+00
   3.1208635e-01
  -1.3116453e+00
  -4.0427221e-01
  -2.5347517e+00
  -3.6939724e+00
  -2.3653219e+00
  -5.2498276e-01
  -8.4386075e-01
  -1.6402907e+00
  -4.8841674e-01
   1.1351571e+00
  -2.7292940e-01
   4.3962906e-01
  -1.3289667e+00
  -7.9268743e-01
  -8.2255278e-01
   1.2243310e+00
   2.7234601e+00
   7.2800051e-01
  -7.0824753e-01
  -5.1746065e-01
  -2.5482816e+00
  -1.0845663e+00
  -3.1280323e+00
  -1.4773695e+00
  -2.7829027e+00
  -2.6921636e+00
  -2.8252128e+00
  -2.5440599e+00
  -2.4762165e+00
  -1.2711268e+00
  -1.0424148e+00
  -1.1965727e+00
  -1.0997224e+00
  -1.6839617e+00
  -2.8288740e+00
  -1.2074763e+00
  -2.7682241e+00
  -2.6349837e+00
  -3.6981383e+00
  -1.8442694e+00
  -2.6790967e+00
  -4.6122502e+00
  -4.2194354e+00
  -2.5716996e+00
  -2.0852491e+00
  -2.4761986e+00
  -3.2060760e+00
  -2.1040914e+00
  -3.1546718e+00
  -2.4441318e+00
  -3.1868030e+00
  -8.5268484e-01
   2.1612940e-02
  -4.5603820e+00
  -1.4765244e+00
  -3.2235913e+00
  -3.6035027e+00
  -3.1960455e+00
  -2.6581880e+00
  -3.6118809e+00
  -2.4741017e+00
  -4.5197766e+00
  -2.7224844e+00
  -2.7979818e+00
  -4.7775577e+00
  -2.2687822e+00
  -2.0306108e+00
  -4.8022724e+00
  -3.6802444e+00
  -2.9192447e+00
  -1.1495259e+00
  -1.8517511e-01
  -3.1482524e+00
   7.7141113e-01
  -1.6829589e+00
   1.9192633e-01
  -2.4532223e+00
  -2.6687819e+00
  -2.0479995e+00
   1.0716818e+00
   6.4754682e-02
   1.4865865e+00
   3.5022869e-01
   4.8564781e-02
  -3.7675929e+00
  -3.9596848e+00
  -3.2986707e+00
  -3.5238426e+00
  -2.8646362e+00
  -3.0353712e+00
  -1.0480660e+00
  -1.7746833e+00
  -1.5617667e+00
   6.5148478e-01
  -3.0462558e+00
  -3.3384650e+00
  -2.9229554e+00
  -1.1262029e+00
   2.5490676e+00
   2.5443207e+00
   2.3090336e+00
   6.0177281e-01
   9.3582468e-01
