   2.3865548e-03
   4.3443822e-06
   5.0943474e-01
   1.6483177e-01
   1.9134767e-05
   3.8760932e-10
   2.3567993e-01
   3.4810673e-01
   1.8460404e-01
   8.8075676e-01
   1.4250951e-01
   7.8515955e-07
   5.3670266e-07
   9.0294684e-07
   1.7359227e-06
   1.0877630e-03
   2.3336331e-05
   1.3366492e-04
   9.7679470e-08
   3.5486280e-11
   9.9481334e-06
   2.1152253e-05
   5.2856049e-01
   1.7962838e-03
   2.3480134e-01
   4.7537564e-04
   6.1802290e-03
   6.1462107e-01
   3.6004611e-01
   7.0632633e-02
   2.7208549e-03
   1.1658731e-04
   9.4304640e-02
   2.1367353e-11
   7.3336847e-12
   1.0294370e-06
   5.1230643e-01
   1.7464254e-01
   3.4592290e-09
   6.0205186e-07
   2.9646664e-05
   5.6909869e-06
   1.5768250e-06
   4.1190444e-03
   2.1895283e-04
   4.3910295e-04
   7.6719224e-06
   8.2924883e-02
   5.2285087e-01
   1.0751084e-05
   1.0066437e-03
   2.3252701e-03
   1.1361009e-05
   1.8271871e-06
   1.4422809e-07
   1.4588872e-05
   9.1302365e-04
   1.2532675e-08
   5.3543406e-08
   1.0545772e-09
   2.9754682e-06
   2.1203732e-06
   3.7945653e-07
   7.4581995e-08
   1.1311263e-08
   3.7100338e-11
   1.4596143e-15
   3.0246411e-13
   1.3534156e-14
   2.6969104e-16
   6.0445157e-08
   8.9127218e-13
   7.8418489e-08
   1.0272353e-04
   4.1894688e-13
   2.8357635e-09
   5.8459733e-03
   1.1262972e-09
   7.4783868e-13
   4.4329430e-07
   1.4794382e-02
   1.0133622e-02
   4.4540618e-05
   6.5621611e-03
   2.6604719e-06
   5.7226293e-06
   3.6511173e-05
   1.3121415e-03
   1.8863720e-04
   1.7272005e-04
   2.4272839e-02
   4.4006307e-02
   3.3802854e-04
   5.2873977e-03
   2.5620808e-03
   2.6973743e-01
   3.0044460e-03
   1.0253757e-01
   3.5472799e-02
   4.3718159e-02
   2.7734452e-02
   1.9898897e-01
   7.5898635e-02
   6.4353729e-01
   9.1319462e-01
   5.2826945e-01
   7.0804220e-01
   5.1333434e-02
   7.9499867e-01
   5.2238349e-01
   4.6715793e-01
   7.2449590e-02
   7.3327386e-01
   8.9011990e-01
   1.1169668e-01
   6.4969680e-01
   9.1077089e-01
   3.3469218e-01
   9.7730314e-01
   9.4965567e-01
   2.5348857e-02
   1.6526371e-02
   1.4909064e-02
   9.5131340e-08
   2.9902376e-02
   1.1081294e-03
   3.2516606e-01
   1.9434927e-02
   3.1254128e-01
   7.4142483e-01
   8.5969048e-01
   7.6736058e-01
   6.0470534e-01
   1.5883143e-01
   2.8134050e-03
   2.5311219e-01
   4.4158804e-03
   3.4089294e-01
   7.4486062e-01
   1.7188772e-01
   3.5246647e-03
   7.7878538e-01
   2.4513323e-01
   5.9544449e-01
   2.4118249e-02
   1.1015198e-02
   6.5661175e-01
   3.0403725e-03
   1.4013546e-01
   2.3384383e-01
   5.6409369e-03
   2.7426297e-03
   1.3044614e-04
   1.8055221e-01
   2.9502356e-01
   3.1974595e-01
   3.3152596e-01
   1.4984231e-02
   1.1522294e-01
   9.3203885e-03
   1.1828226e-04
   3.2046033e-03
   3.9980132e-02
   2.7135519e-07
   6.2002827e-04
   5.2667132e-01
   6.7019685e-02
   3.2797667e-03
   5.1315520e-01
   5.7372719e-01
   7.8173948e-03
   1.4296704e-03
   3.3154521e-04
   5.2546918e-01
   4.8705816e-01
   1.0540970e-01
   1.2314481e-02
   2.3945263e-04
   1.7125947e-04
   1.4086346e-03
   1.5538028e-04
   1.6481657e-03
   4.1259623e-01
   6.8574666e-02
   1.0302599e-04
   1.9222977e-02
   2.9304798e-05
   2.6673573e-02
   6.7192643e-04
   6.9500312e-03
   3.7325136e-04
   4.4621796e-03
   2.0933787e-05
   1.5395095e-04
   1.2787360e-04
   1.0269786e-06
   4.7056471e-04
   2.6397003e-05
   8.9199544e-05
   1.5534585e-02
   2.2697607e-07
   4.8505869e-03
   2.7699247e-02
   2.7550663e-03
   2.9277866e-07
   6.1067945e-02
   5.0347378e-05
   1.5827362e-03
   4.4271746e-01
   5.1759168e-01
   9.2361363e-01
   4.3668796e-05
   6.0705075e-02
   4.9099727e-01
   8.0934238e-03
   5.0777559e-01
   2.1561833e-03
   1.8921515e-10
   1.1572978e-08
   4.9477233e-02
   9.6042002e-01
   1.9474737e-02
   6.0672790e-05
   2.5128727e-01
   2.7651270e-02
   3.4633092e-08
   8.8077164e-08
   2.2796124e-02
   5.9425575e-05
   2.3667905e-06
   7.1495455e-05
   5.7027882e-07
   8.1754396e-09
   2.6374010e-03
   3.2311092e-04
   2.3998512e-05
   6.0898159e-06
   5.3329151e-08
   1.0092458e-07
   1.4546067e-08
   1.5436969e-04
   1.9142596e-04
   3.4872940e-07
   1.4921265e-06
   2.0314112e-06
   3.4749666e-05
   5.6537801e-10
   2.3113275e-07
   1.5839605e-09
   2.4291794e-07
   1.4813574e-08
   2.1836300e-03
   6.3568345e-04
   2.4011666e-03
   6.3034919e-05
   1.3561677e-08
   1.0972611e-09
   1.6135600e-05
   4.1417468e-04
   2.5611276e-05
   4.5456680e-07
   4.0163357e-12
   1.2131859e-05
   1.2413593e-03
   3.4106429e-03
   2.4723595e-05
   6.5154102e-02
   9.1610061e-05
   1.3784229e-04
   4.3792288e-03
   1.9790939e-05
   2.1454237e-06
   4.5707859e-05
   3.6550275e-04
   5.6779675e-04
   1.3817915e-05
   5.0730321e-07
   1.9525323e-10
   1.0768439e-04
   1.1559002e-01
   3.2122054e-03
   1.4786468e-03
   7.5357533e-10
   1.0799680e-05
   2.4499837e-05
   9.0368384e-04
   2.1318397e-10
   6.4835224e-08
   5.7069714e-08
   4.3159106e-11
   5.9117579e-12
   7.8399183e-09
   7.9180448e-08
   4.3300896e-09
   2.7507078e-06
   4.8635829e-10
   3.0191847e-09
   2.0058112e-08
   3.3988959e-09
   3.5191723e-13
   5.5539833e-07
   2.3882475e-07
   3.0700283e-07
   7.9571698e-10
   1.1560449e-05
   1.4026200e-05
   1.9444684e-05
   2.8118542e-07
   8.9050610e-02
   1.0334409e-01
   4.1491491e-04
   1.0092307e-01
   6.0560842e-03
   2.9823193e-02
   5.3965886e-04
   5.2214483e-05
   7.9044932e-05
   6.8520374e-05
   1.0272425e-05
   2.9620094e-03
   4.2007099e-05
   6.1323627e-05
   1.6967903e-05
   1.5176078e-10
   1.6954372e-04
   8.2862994e-05
   7.2616032e-05
   6.5822719e-09
   1.0660482e-05
   9.4955597e-09
   1.1780001e-04
   3.2503231e-05
   7.5671815e-05
   7.2393125e-04
   7.1032643e-05
   4.0234559e-03
   1.7372874e-01
   6.6583464e-01
   3.1139009e-01
   4.9724102e-01
   9.9991848e-01
   1.3325907e-01
   7.6754050e-02
   1.2045255e-01
   3.5984366e-02
   9.3103545e-05
   3.0389314e-03
   2.0621632e-01
   1.1477563e-06
   1.4037359e-05
   2.8336437e-07
   3.6199660e-10
   8.7532501e-02
   8.9159695e-01
   9.1226263e-01
   1.0169358e-04
   1.2241711e-05
   8.2284570e-08
   1.1914817e-08
   4.6333838e-05
   2.3067528e-05
   4.9205079e-06
   5.8542666e-08
   4.1762449e-06
   1.9627350e-06
   5.2495415e-04
   3.1602837e-02
   3.9221542e-02
   6.2869352e-01
   4.4133112e-02
   5.6863721e-01
   3.9400134e-01
   1.2132741e-03
   1.5762358e-03
   1.5833987e-02
   1.2792504e-03
   3.8862252e-04
   1.0596774e-01
   8.6669043e-05
   2.2991174e-02
   1.5668677e-03
   1.6472452e-02
   2.9671499e-01
   3.3330516e-01
   1.5461633e-04
   7.2835226e-03
   6.4946831e-04
   2.2973067e-03
   1.6320701e-05
   1.0931972e-02
   1.5277668e-03
   3.8884050e-04
   8.8466711e-01
   3.2508549e-02
   4.2525934e-02
   2.1738548e-02
   8.9634674e-01
   3.5942381e-02
   5.0585681e-01
   8.5051994e-01
   7.9702768e-01
   3.5392869e-01
   3.4839018e-01
   9.9043209e-01
   6.6674758e-01
   9.1175067e-01
   3.6694110e-01
   4.0342834e-03
   9.0344935e-01
   4.5018407e-01
   8.0712451e-01
   5.9230925e-02
   6.2666173e-01
   4.1640359e-01
   9.5815921e-02
   1.2746724e-01
   1.0762722e-09
   6.0652455e-03
   1.0022851e-01
   7.6802815e-03
   2.0523956e-07
   1.6866703e-06
   1.2789002e-02
   1.8933015e-05
   2.2863236e-05
   3.2834832e-07
   7.3414105e-08
   4.0961325e-09
   1.1877893e-04
   3.0220697e-11
   6.9543300e-09
   1.6554456e-06
   7.2260250e-08
   1.4549340e-03
   4.8428896e-07
   1.9738862e-06
   7.6263957e-07
   7.3043652e-05
   1.4068229e-10
   8.8384737e-05
   1.7435819e-04
   8.1071776e-10
   1.8456548e-06
   4.7025582e-10
   7.9305415e-07
   4.7942298e-04
   1.5149628e-05
   9.1071234e-10
   4.3800537e-10
   2.8894741e-05
   2.7397787e-13
   4.2343760e-05
   1.6177452e-03
   1.4880430e-09
   2.5086845e-02
   1.6481661e-04
   1.8308680e-09
   5.3302425e-05
   5.1053428e-05
   4.6647922e-04
   3.4592182e-03
   6.0734736e-08
   1.8110755e-13
   2.7802212e-06
   1.6528968e-06
   1.0477424e-01
   1.2700347e-01
   3.9304393e-02
   1.0892454e-01
   6.5999812e-01
   6.4645096e-05
   4.8400203e-12
   6.8595073e-11
   2.6388753e-01
   2.4586898e-01
   7.3581338e-05
   1.9997673e-01
   1.0053495e-03
   5.2936889e-03
   2.3394999e-01
   1.6972900e-01
   5.5350930e-02
   2.7883399e-11
   2.8861957e-08
   4.4836669e-07
   3.4214066e-04
   9.0214965e-01
   1.4843217e-08
   1.8873670e-05
   8.3185195e-01
   9.3647207e-02
   6.0877788e-03
   8.0140177e-04
   8.5409245e-03
   2.9606881e-12
   9.1080864e-08
   4.8496032e-02
   3.0697344e-01
   1.3737096e-01
   2.7444003e-02
   4.5147675e-04
   4.5207098e-01
   6.3119386e-01
   2.5203892e-01
   4.4130322e-01
   2.0917559e-10
   8.2121779e-01
   1.6827261e-01
   2.5309658e-01
   8.9325420e-02
   5.6597655e-07
   3.1039813e-04
   9.2785596e-05
   1.6779375e-01
   3.5523438e-02
   9.8229161e-01
   6.8380526e-02
   4.0657007e-04
   1.9713556e-05
   3.9545700e-06
   1.6701408e-03
   5.4400468e-11
   2.6918917e-03
   1.3934441e-01
   1.4657422e-01
   1.2125227e-02
   4.6429120e-03
   7.3457257e-03
   3.3216747e-01
   3.3547951e-01
   1.8521853e-02
   6.3216745e-04
   2.8368034e-01
   7.7062689e-01
   3.6271357e-01
   9.9766331e-01
   1.8200808e-01
   7.4731204e-06
   1.1875139e-04
   2.0321509e-07
   1.4521549e-05
   1.1800908e-03
   1.2706399e-01
   9.1729554e-01
   2.9630745e-06
   9.0180379e-01
   8.5858383e-01
   7.8516432e-04
   3.8616842e-02
   2.2193633e-04
   2.9667717e-05
   6.2815071e-07
   1.0877280e-04
   1.4699531e-04
   4.4182073e-04
   4.0250555e-07
   8.3703847e-05
   3.5068215e-10
   9.6569119e-12
   6.2551523e-08
   1.6274361e-10
   4.0833802e-09
   1.0349915e-07
   7.8058064e-08
   4.6281268e-11
   5.5439227e-09
   1.0278872e-11
   1.7813688e-12
   4.4714286e-14
   2.7394175e-12
   1.7864671e-12
   1.1290920e-12
   4.8565191e-09
   1.1293853e-07
   9.7995920e-03
   6.3000708e-08
   2.5177537e-08
   1.4514963e-08
   5.3085200e-03
   9.5106947e-04
   3.6198045e-05
   1.3543093e-02
   2.8374676e-12
   3.6524942e-07
   2.2312294e-06
   1.0421700e-06
   1.6050871e-03
   4.3129321e-04
   4.5363251e-07
   3.3168872e-04
   7.1914499e-03
   6.8821973e-06
   1.0742221e-03
   3.7424642e-03
   1.3454772e-03
   5.0820322e-04
   1.6499566e-04
   1.2757966e-06
   6.1077623e-03
   2.1124723e-03
   2.1362220e-02
   6.2455589e-03
   2.9076710e-01
   1.3806265e-01
   4.7971529e-02
   1.9637931e-06
   5.2783234e-03
   5.5181034e-01
   1.5922035e-02
   2.6604350e-02
   1.6954293e-01
   5.6628781e-01
   3.0754901e-02
   4.9268360e-01
   2.7165198e-02
   6.3966155e-04
   8.6209841e-01
   8.2153165e-01
   4.7214067e-01
   9.9714245e-01
   5.0537043e-01
   4.9403899e-01
   1.3824144e-01
   7.5468667e-02
   7.4756941e-03
   2.2055630e-06
   1.6572697e-02
   8.7597183e-03
   3.6146341e-01
   1.8983305e-03
   3.4350807e-05
   8.1835015e-02
   3.5960531e-01
   5.6525198e-02
   1.8670669e-01
   1.1779732e-01
   1.3111786e-01
   2.1284434e-01
   3.9675811e-01
   1.9967813e-01
   3.8341297e-01
   3.3871825e-01
   6.0795315e-03
   4.9309068e-01
   4.6617589e-02
   3.1436245e-02
   6.4785136e-01
   1.1819240e-01
   3.1693506e-01
   5.4309756e-01
   7.6878641e-02
   5.5954847e-02
   4.7919614e-01
   2.2460325e-01
   1.9799837e-03
   7.8604412e-02
   3.1219216e-01
   2.6504537e-02
   5.5670524e-01
   2.0794977e-02
   8.6045540e-01
   7.7074152e-01
   1.3813834e-01
   1.0404035e-01
   4.2819159e-01
   6.2885110e-01
   7.8524995e-02
   7.8828455e-01
   8.9522753e-01
   9.6938133e-01
   2.5879791e-01
   8.3981491e-01
   8.3426305e-02
   1.4836762e-03
   3.4911057e-04
   8.3652722e-05
   8.1904808e-06
   1.0409667e-10
   1.3948567e-03
   1.3917850e-06
   2.2779570e-01
   5.5392270e-06
   3.4001557e-02
   3.9649320e-06
   4.1943544e-05
   5.9692180e-11
   2.7284829e-02
   1.5019645e-05
   2.4178377e-07
   9.7082672e-02
   6.4460871e-08
   3.7440091e-06
   2.5075843e-06
   7.0425204e-07
   2.3354850e-06
   1.8266527e-03
   3.0280398e-07
   1.0174058e-04
   1.3819600e-04
   1.9057777e-07
   6.5219973e-03
   9.1150019e-04
   6.3028074e-04
   3.1629282e-04
   5.3521329e-02
   1.3709355e-01
   1.3118479e-04
   4.8446227e-06
   5.2727694e-04
   1.5727419e-04
   1.0403430e-02
   2.6406861e-01
   1.4834933e-01
   1.3538407e-01
   1.7894419e-05
   2.4225448e-01
   9.4904972e-01
   5.1154169e-01
   4.6773073e-02
   1.6096610e-01
   1.5632454e-01
   1.1133706e-04
   8.6766443e-01
   3.5292898e-01
   4.6464389e-01
   1.0209733e-01
   1.9212503e-02
   1.9728581e-02
   3.1810472e-01
   8.5910139e-01
   6.4841105e-01
   3.0780432e-01
   6.8278646e-01
   2.5637546e-04
   5.3607166e-01
   6.6220420e-04
   8.4212613e-04
   1.1598205e-02
   1.0820912e-02
   3.3633999e-04
   3.7869123e-03
   4.7654578e-02
   4.5281379e-03
   2.7710584e-02
   6.5237483e-06
   1.1539002e-05
   4.0371119e-05
   3.4576662e-08
   2.1609182e-08
   2.5898308e-06
   2.3731455e-05
   1.5388401e-05
   4.8117007e-09
   1.2142830e-04
   1.2646291e-06
   1.5001282e-02
   1.4267322e-04
   1.2913009e-02
   1.6225721e-03
   5.6615623e-04
   1.4404697e-03
   1.0687505e-01
   8.4798663e-03
   1.4986942e-02
   5.1365720e-03
   8.3821707e-05
   1.1392607e-03
   1.9980646e-02
   2.5429278e-05
   1.1699259e-02
   3.9308374e-04
   8.2834849e-04
   2.9317818e-04
   1.4503595e-13
   4.7986453e-14
   1.7260854e-06
   3.2527916e-02
   2.7681795e-04
   3.3501413e-07
   9.7432600e-06
   7.1259622e-09
   1.9209757e-07
   1.6363833e-04
   1.5726800e-04
   2.6363713e-03
   1.2246447e-10
   3.5289915e-05
   4.1027565e-07
   6.2573031e-07
   7.2732030e-07
   6.9087436e-08
   1.6153863e-07
   3.2593111e-08
   3.7029916e-06
   5.4843496e-04
   6.2561730e-08
   7.2512817e-08
   3.3386777e-10
   9.9196946e-10
   4.2630696e-10
   3.3092464e-14
   5.6900438e-14
   1.5749756e-10
   1.0065895e-08
   1.3414922e-08
   2.4602938e-07
   6.9975457e-05
   7.9734117e-07
   1.3827490e-05
   1.1993069e-07
   6.2718588e-03
   1.3413380e-05
   2.7964840e-07
   3.1497616e-08
   1.2530711e-10
   3.0405982e-04
   4.3318181e-04
   9.4576414e-10
   1.7380772e-04
   6.8340184e-05
   1.6180758e-06
   9.0958357e-04
   2.4765778e-03
   2.6085172e-04
   1.9168791e-06
   7.8157557e-06
   7.1764534e-05
   2.9786005e-03
   9.9625236e-03
   9.5644454e-03
   2.7462875e-02
   5.0656590e-06
   1.9418444e-02
   3.5301232e-06
   6.0372957e-04
   6.0250963e-05
   2.8723569e-05
   2.7526797e-04
   8.5815947e-03
   9.4404316e-01
   1.6803291e-01
   8.0947581e-01
   9.2522637e-01
   9.9822584e-01
   9.6885381e-01
   9.1600593e-01
   6.8771991e-01
   1.7365460e-04
   1.6068549e-04
   2.3132548e-02
   1.6606074e-01
   4.8084811e-01
   9.1646008e-08
   1.1986020e-06
   2.5354238e-05
   8.9328739e-05
   1.3079259e-04
   6.1420650e-08
   3.4141993e-08
   3.6906959e-04
   1.3284083e-02
   2.9686500e-01
   1.2275687e-03
   9.7118562e-04
   2.0386775e-05
   1.3607514e-08
   2.4606024e-09
   7.7896906e-07
   1.3838259e-06
   1.6736747e-05
   3.8928402e-01
   3.2968348e-03
   2.2438611e-01
   3.1036483e-04
   2.2498337e-01
   9.4087110e-02
   2.0540347e-01
   4.6200683e-02
   1.0457564e-03
   2.7358067e-02
   1.4975486e-01
   4.5718966e-03
   2.0160741e-02
   5.5481528e-02
   1.0958215e-04
   3.0805607e-04
   1.0304266e-01
   1.2748245e-02
   2.1648758e-02
   3.8380475e-02
   1.7685140e-04
   3.3269789e-07
   1.6171145e-02
   2.9453242e-04
   3.8769259e-01
   6.7326435e-02
   1.7481146e-04
   6.6910240e-02
   8.5524632e-02
   6.8967783e-01
   7.4546170e-01
   4.6812748e-01
   2.2678057e-01
   7.8181468e-02
   9.4614613e-03
   4.9170805e-01
   1.1976274e-01
   8.8977204e-01
   2.0623971e-01
   6.7930257e-01
   5.7263431e-01
   8.0731618e-01
   5.7919687e-01
   9.9784180e-01
   1.7815838e-01
   4.1251008e-02
   6.9311645e-01
   2.2683819e-08
   2.4064448e-01
   2.1132274e-01
   2.2156538e-01
   5.0643312e-08
   1.3949757e-05
   6.3564230e-01
   2.6205592e-07
   1.0643653e-01
   8.3182555e-09
   3.4600738e-07
   1.6097636e-04
   1.1129143e-05
   9.3170003e-11
   3.2253368e-09
   2.2466373e-12
   7.7268729e-07
   2.3509828e-09
   3.6012335e-08
   8.8964998e-05
   8.9591778e-04
   2.4039361e-07
   3.1562487e-07
   6.1087980e-05
   1.6661252e-04
   6.9297050e-09
   3.8870462e-10
   1.4544127e-01
   1.0669535e-06
   5.9502763e-03
   2.9649868e-04
   1.1784585e-03
   4.0436231e-02
   3.1120469e-07
   4.3358978e-04
   2.7816725e-09
   1.2854712e-13
   8.7184900e-10
   1.4626396e-06
   9.3846538e-03
   1.8939145e-03
   3.2056972e-04
   2.5254473e-05
   3.9528925e-04
   1.6927512e-06
   1.1495001e-05
   9.7265834e-07
   1.2592845e-06
   1.3026384e-09
   8.8458649e-07
   1.7066666e-04
   1.1944783e-01
   5.3506212e-02
   5.7228157e-01
   9.7144066e-02
   5.3652042e-01
   6.3196835e-01
   1.9645417e-07
   2.1885296e-06
   4.0225775e-01
   7.1979724e-02
   9.3622311e-03
   9.6595130e-01
   5.5185601e-01
   1.5228034e-02
   2.7836278e-04
   8.3114530e-02
   7.9015328e-07
   2.0113882e-09
   5.6185101e-04
   3.1519556e-01
   2.2628042e-05
   2.8735772e-03
   6.2889679e-02
   4.9740019e-03
   2.8301949e-08
   6.9543879e-05
   4.9704636e-01
   1.8803774e-01
   1.4719017e-08
   5.5835337e-06
   5.2032645e-03
   6.9147426e-01
