  -3.0524240e+00
  -4.6436652e+00
  -6.6017536e-01
  -1.3909698e+00
  -4.3148463e+00
  -6.3823352e+00
  -1.1872329e+00
   9.3912020e-01
  -1.3284815e+00
  -1.5008400e-01
  -1.4687430e+00
  -5.0002030e+00
  -5.0766119e+00
  -4.9718824e+00
  -4.8376032e+00
  -3.2852818e+00
  -4.2692066e+00
  -3.8485381e+00
  -5.4076202e+00
  -6.7678117e+00
  -4.4624405e+00
  -4.2918507e+00
  -6.3063017e-01
  -3.1382677e+00
  -1.1894658e+00
  -3.5166672e+00
  -2.7493342e+00
  -5.0379295e-01
   9.1608974e-01
  -1.8115638e+00
  -3.0121436e+00
  -3.8828652e+00
  -1.6761887e+00
  -6.8473524e+00
  -7.0126726e+00
  -4.9451952e+00
  -6.5570288e-01
  -1.3593015e+00
  -6.0121010e+00
  -5.0536376e+00
  -4.2136245e+00
  -4.5852706e+00
  -4.8575467e+00
  -2.8817317e+00
  -3.7224005e+00
  -3.5381890e+00
  -4.5199323e+00
  -1.7373211e+00
   6.3939159e-01
  -4.4451429e+00
  -3.3075140e+00
  -3.0603656e+00
  -4.4328115e+00
  -4.8269443e+00
  -5.3334268e+00
  -4.3765599e+00
  -3.3353412e+00
  -5.7853709e+00
  -5.5204426e+00
  -6.2152673e+00
  -4.7244943e+00
  -4.7958739e+00
  -5.1454131e+00
  -5.4584904e+00
  -5.8036984e+00
  -6.7608018e+00
  -8.2361787e+00
  -7.4883652e+00
  -7.9304342e+00
  -8.4625025e+00
  -5.4978450e+00
  -7.3298283e+00
  -5.4490624e+00
  -3.9144306e+00
  -7.4408487e+00
  -6.0464791e+00
  -2.7677787e+00
  -6.2041569e+00
  -7.3557487e+00
  -5.1146524e+00
  -2.4455644e+00
  -2.5807140e+00
  -4.1176441e+00
  -2.7293308e+00
  -4.7481687e+00
  -4.5840649e+00
  -4.1647492e+00
  -3.2309624e+00
  -3.7608651e+00
  -3.7834627e+00
  -2.2594067e+00
  -2.0189574e+00
  -3.6083629e+00
  -2.8008449e+00
  -3.0306724e+00
  -1.1048502e+00
  -2.9813854e+00
  -1.6355676e+00
  -2.1084368e+00
  -2.0217272e+00
  -2.2072476e+00
  -1.2860821e+00
  -1.7785582e+00
   4.6303005e-01
   1.0906317e-01
  -6.3107558e-01
   3.7469293e-01
  -1.9532040e+00
  -2.5995903e-01
  -6.4011096e-01
  -7.2764786e-01
   1.7999542e+00
   3.4095745e-01
   1.3822046e-01
  -1.5933277e+00
  -4.5444797e-01
  -1.1212101e-01
  -9.6560555e-01
  -2.8463874e-02
  -6.3169792e-02
  -2.2425375e+00
  -2.4049074e+00
  -2.4427458e+00
  -5.4126218e+00
  -2.1773861e+00
  -3.2799420e+00
  -9.8483262e-01
  -2.3443923e+00
  -1.0108895e+00
   3.3014373e-01
  -1.7685619e-01
   2.9598445e-01
   5.1796284e-01
   1.4110457e+00
   3.0017954e+00
  -1.1440961e+00
   2.8593766e+00
  -9.5327979e-01
   3.2559719e-01
   1.3680559e+00
   2.9312934e+00
  -2.8104856e-01
  -1.1635719e+00
   5.3129156e-01
   2.2618834e+00
  -2.5514040e+00
  -4.4485308e-01
   2.9776804e+00
   1.4775520e+00
   1.1919061e+00
   2.7795703e+00
   3.0096803e+00
  -3.8546782e+00
   1.3408643e+00
   1.0482255e+00
  -9.9593660e-01
   9.7195623e-01
  -2.4409087e+00
  -1.5777960e+00
  -2.6098458e+00
  -3.8792527e+00
  -2.9612376e+00
  -2.0591401e+00
  -5.2112274e+00
  -3.4438188e+00
  -6.3352371e-01
  -1.8353992e+00
  -2.9539678e+00
   6.5438349e-01
   5.6292841e-01
  -2.6702602e+00
  -3.2058628e+00
  -3.6135125e+00
  -6.3536773e-01
  -6.9549320e-01
   1.6220098e+00
  -2.5118075e+00
  -3.6991398e+00
  -3.7856336e+00
  -3.2102115e+00
  -3.8104342e+00
  -3.1638896e+00
  -8.1999479e-01
  -1.8250140e+00
  -3.9137000e+00
  -2.3485235e+00
  -4.2163323e+00
  -2.2226027e+00
  -3.4215222e+00
  -2.7100637e+00
  -3.5819092e+00
  -2.8560136e+00
  -4.2942372e+00
  -3.8127826e+00
  -3.8596893e+00
  -4.9456830e+00
  -3.5194314e+00
  -4.2406633e+00
  -3.9493771e+00
  -2.4277005e+00
  -5.2459968e+00
  -2.8289870e+00
  -2.2077489e+00
  -3.0082814e+00
  -5.1963738e+00
  -1.8770872e+00
  -4.0883771e+00
  -3.1758913e+00
  -7.6820163e-01
  -6.4750552e-01
  -9.5929539e-02
  -4.1223488e+00
  -1.8797362e+00
  -6.8921390e-01
  -2.6584253e+00
  -6.6276542e-01
  -3.0833181e+00
  -6.4998851e+00
  -5.7996142e+00
  -1.9690735e+00
  -4.9650524e-02
  -2.3436208e+00
  -4.0434818e+00
  -1.1485122e+00
  -2.2084330e+00
  -5.6010186e+00
  -5.4271783e+00
  -2.2836491e+00
  -4.0485013e+00
  -4.7728101e+00
  -4.0036293e+00
  -5.0644895e+00
  -5.8614147e+00
  -3.0217552e+00
  -3.6203549e+00
  -4.2627403e+00
  -4.5705226e+00
  -5.5211886e+00
  -5.4014307e+00
  -5.7586569e+00
  -3.8120925e+00
  -3.7570920e+00
  -5.1620538e+00
  -4.8689704e+00
  -4.8048401e+00
  -4.1763972e+00
  -6.3197459e+00
  -5.2424723e+00
  -6.1463134e+00
  -5.2328038e+00
  -5.7553822e+00
  -3.0794823e+00
  -3.4369151e+00
  -3.0505582e+00
  -4.0342381e+00
  -5.7712344e+00
  -6.2085693e+00
  -4.3537195e+00
  -3.5539673e+00
  -4.2476770e+00
  -5.1096702e+00
  -7.1044119e+00
  -4.4181032e+00
  -3.2471025e+00
  -2.9416652e+00
  -4.2558521e+00
  -1.8481248e+00
  -3.9427959e+00
  -3.8407745e+00
  -2.8620616e+00
  -4.3071229e+00
  -4.7934145e+00
  -4.1114806e+00
  -3.5875215e+00
  -3.4680915e+00
  -4.3888245e+00
  -5.0878444e+00
  -6.4947720e+00
  -3.9026963e+00
  -1.5762009e+00
  -2.9604953e+00
  -3.1959628e+00
  -6.2717662e+00
  -4.4441361e+00
  -4.2579570e+00
  -3.3382611e+00
  -6.4804537e+00
  -5.4847420e+00
  -5.5085646e+00
  -6.7369190e+00
  -7.0456204e+00
  -5.8688303e+00
  -5.4472434e+00
  -5.9730632e+00
  -4.7411222e+00
  -6.3447671e+00
  -6.0356545e+00
  -5.7006899e+00
  -6.0151512e+00
  -7.4663072e+00
  -5.0697744e+00
  -5.2361093e+00
  -5.1870825e+00
  -6.2626463e+00
  -4.4289165e+00
  -4.3854477e+00
  -4.3111675e+00
  -5.2042758e+00
  -1.7036268e+00
  -1.6317302e+00
  -3.5534861e+00
  -1.6433223e+00
  -2.7560769e+00
  -2.1784434e+00
  -3.4820462e+00
  -4.0796465e+00
  -3.9790911e+00
  -4.0139809e+00
  -4.4552989e+00
  -2.9858143e+00
  -4.1315687e+00
  -4.0409012e+00
  -4.3422815e+00
  -6.5356987e+00
  -3.7882063e+00
  -3.9675159e+00
  -3.9998360e+00
  -5.8996881e+00
  -4.4470316e+00
  -5.8348626e+00
  -3.8802755e+00
  -4.1920962e+00
  -3.9897672e+00
  -3.4007358e+00
  -4.0052125e+00
  -2.8892433e+00
  -1.3621939e+00
  -4.3211915e-01
  -1.0132997e+00
  -6.7931611e-01
  -1.0221325e-04
  -1.5037349e+00
  -1.7733752e+00
  -1.5554379e+00
  -2.1025812e+00
  -3.9388002e+00
  -2.9778282e+00
  -1.2656250e+00
  -4.9229564e+00
  -4.3852682e+00
  -5.2027668e+00
  -6.3936166e+00
  -1.7117978e+00
   1.3635079e-01
  -1.1023887e-01
  -3.9169339e+00
  -4.4160803e+00
  -5.4400044e+00
  -5.7944130e+00
  -4.1082366e+00
  -4.2718816e+00
  -4.6168102e+00
  -5.5038131e+00
  -4.6521500e+00
  -4.8120244e+00
  -3.4896117e+00
  -2.1552435e+00
  -2.0670935e+00
  -4.8385464e-01
   2.0177433e+00
   5.7042442e-01
  -8.5309423e-01
  -3.2537438e+00
  -3.1771085e+00
  -2.4206876e+00
  -3.2383595e+00
  -3.5710920e+00
  -1.6194098e+00
  -3.9564697e+00
  -2.2803700e+00
  -3.1788709e+00
  -2.4061151e+00
  -1.0445569e+00
  -9.6838276e-01
  -3.8116868e+00
  -2.6942573e+00
  -3.4309663e+00
  -3.0640534e+00
  -4.3511278e+00
  -2.5540798e+00
  -3.1863337e+00
  -3.5709415e+00
   1.4512693e-01
  -2.1438652e+00
  -2.0333548e+00
  -2.3018663e+00
  -1.3034164e-01
  -2.1030591e+00
  -6.6576636e-01
   1.8854927e-01
   2.5732811e-01
   9.2782844e-01
  -9.3856765e-01
  -1.1997668e-02
  -4.3086250e-01
  -1.1088477e-01
  -9.0300850e-01
  -2.8883843e+00
  -1.2136457e-01
   7.5568082e-01
   2.4426216e-01
  -1.8906350e+00
  -4.8672129e-01
   8.1332820e-01
  -1.6685246e+00
  -1.5266145e+00
  -6.2118304e+00
  -2.7555751e+00
  -1.6466889e+00
  -2.6762793e+00
  -5.2655113e+00
  -4.8435821e+00
  -2.4982687e+00
  -4.3172719e+00
  -4.2739346e+00
  -5.1738937e+00
  -5.4614541e+00
  -5.9827395e+00
  -3.8782034e+00
  -6.7930767e+00
  -5.8899986e+00
  -4.8474603e+00
  -5.4644275e+00
  -3.2007176e+00
  -5.0970857e+00
  -4.8108416e+00
  -5.0060823e+00
  -3.9984031e+00
  -6.5479694e+00
  -3.9516398e+00
  -3.7810483e+00
  -6.2595136e+00
  -4.8248499e+00
  -6.3503519e+00
  -4.9981804e+00
  -3.5143618e+00
  -4.3680228e+00
  -6.2399762e+00
  -6.3621235e+00
  -4.2196202e+00
  -7.5027464e+00
  -4.1296730e+00
  -3.1694139e+00
  -6.1569430e+00
  -2.2465870e+00
  -3.7954235e+00
  -6.1216052e+00
  -4.0746951e+00
  -4.0850400e+00
  -3.5217997e+00
  -2.9372085e+00
  -5.4969527e+00
  -7.5627019e+00
  -4.7388657e+00
  -4.8477800e+00
  -1.6249839e+00
  -1.5284813e+00
  -2.0662185e+00
  -1.6058124e+00
  -4.4016927e-01
  -4.0281237e+00
  -7.0760889e+00
  -6.6633414e+00
  -1.1184634e+00
  -1.1617575e+00
  -3.9966126e+00
  -1.2832545e+00
   3.3078820e+00
  -2.8004552e+00
  -1.1916352e+00
  -1.3749899e+00
  -1.9204409e+00
  -6.8057103e+00
  -5.6344463e+00
  -5.1123955e+00
  -3.6051446e+00
  -1.2300651e-01
  -5.7550229e+00
  -4.3179901e+00
  -2.1243410e-01
  -1.6795535e+00
  -2.7543437e+00
  -3.3722165e+00
  -2.6399870e+00
  -7.1505210e+00
  -5.4208465e+00
  -1.9776656e+00
   1.0226019e+00
  -1.4879561e+00
  -2.2114003e+00
  -3.5306661e+00
   7.5253541e-01
  -4.8033236e-01
  -1.1466906e+00
  -7.7058676e-01
  -6.4835493e+00
  -2.2609362e-01
  -1.3797055e+00
  -1.1441338e+00
  -1.7021597e+00
  -5.0660036e+00
  -3.6309919e+00
  -3.9396458e+00
  -1.3812627e+00
  -2.1078540e+00
   2.2206724e-02
  -1.8262999e+00
  -3.5589579e+00
  -4.3080209e+00
  -4.6638527e+00
  -3.1599573e+00
  -6.7002403e+00
  -3.0154484e+00
  -1.4805128e+00
  -1.4539195e+00
  -2.5173368e+00
  -2.8431825e+00
  -2.6913814e+00
  -9.7066634e-01
  -9.6403239e-01
  -2.3624799e+00
  -3.4384517e+00
  -1.0732017e+00
  -2.9170772e-01
   9.1101051e-01
   2.9300195e-03
  -1.3363914e+00
  -4.5257075e+00
  -3.8782615e+00
  -5.2674297e+00
  -4.3776059e+00
  -3.2617768e+00
  -1.5282374e+00
  -1.0389166e-01
  -4.7253792e+00
   1.2344351e-01
   1.7826592e-01
  -3.3779747e+00
  -2.0735278e+00
  -3.7188908e+00
  -4.2134588e+00
  -5.0451301e+00
  -3.9001903e+00
  -3.8245129e+00
  -3.5365198e+00
  -5.1337657e+00
  -3.9650347e+00
  -6.3988514e+00
  -6.9704261e+00
  -5.4914467e+00
  -6.5243716e+00
  -5.9832823e+00
  -5.3966562e+00
  -5.4499288e+00
  -6.7258688e+00
  -5.9298575e+00
  -6.9608161e+00
  -7.2268246e+00
  -7.7626573e+00
  -7.1622286e+00
  -7.2263971e+00
  -7.2947750e+00
  -5.9530351e+00
  -5.3800854e+00
  -2.5924174e+00
  -5.4901094e+00
  -5.6593836e+00
  -5.7590414e+00
  -2.7995382e+00
  -3.3237266e+00
  -4.1667801e+00
  -2.4776438e+00
  -7.1569300e+00
  -5.1529385e+00
  -4.7851950e+00
  -4.9426867e+00
  -3.1717408e+00
  -3.5430399e+00
  -5.1100786e+00
  -3.6133975e+00
  -2.6985550e+00
  -4.5437872e+00
  -3.2888836e+00
  -2.9123051e+00
  -3.2236385e+00
  -3.4984751e+00
  -3.7951466e+00
  -4.9012567e+00
  -2.7532551e+00
  -3.0895205e+00
  -2.3085356e+00
  -2.7458349e+00
  -1.0575203e+00
  -1.4853379e+00
  -1.9823188e+00
  -4.8119119e+00
  -2.8014077e+00
  -5.9543866e-01
  -2.4186475e+00
  -2.2236229e+00
  -1.3755907e+00
  -5.7389522e-01
  -2.1661531e+00
  -6.8653404e-01
  -2.2154225e+00
  -3.4351861e+00
  -1.7378998e-01
   2.2568987e-01
  -7.1952715e-01
   3.5831398e-03
  -6.6652799e-01
  -6.8438368e-01
  -1.4846627e+00
  -1.7811815e+00
  -2.6854424e+00
  -4.7876213e+00
  -2.4038725e+00
  -2.6312855e+00
  -9.1338805e-01
  -3.1217255e+00
  -4.1791126e+00
  -1.7435262e+00
  -9.1693136e-01
  -1.9112411e+00
  -1.3221351e+00
  -1.5666921e+00
  -1.5121015e+00
  -1.2473186e+00
   8.4812856e-01
  -1.2841082e+00
  -8.7236591e-01
  -9.5758603e-01
  -2.7547939e+00
  -6.8588787e-01
   1.9945316e+00
   2.1573669e+00
   4.5701569e-01
   1.5650050e+00
   1.0017438e+00
   6.0853785e-01
   1.7726243e+00
   1.9156894e+00
  -7.0810888e-01
  -1.2158306e+00
   3.1090690e+00
   1.7623233e+00
  -1.0116198e+00
  -2.2250980e+00
  -5.8812421e-01
   2.3187849e+00
   1.7588198e-01
   2.9155773e-01
   1.4850520e+00
  -1.6284366e+00
   7.9291289e-01
   4.8363247e-01
  -1.7627933e+00
   2.6867788e-01
   1.3175717e-01
   3.8402790e-02
  -1.1304782e+00
   2.0223180e-01
  -1.7344886e+00
  -3.1949635e+00
  -3.5997716e+00
  -3.9651849e+00
  -4.5055179e+00
  -6.5965435e+00
  -3.2130924e+00
  -4.8833423e+00
  -1.2074870e+00
  -4.5911445e+00
  -2.1256898e+00
  -4.6632918e+00
  -4.1319282e+00
  -6.6854861e+00
  -2.2136923e+00
  -4.3699745e+00
  -5.2337143e+00
  -1.6621750e+00
  -5.4858252e+00
  -4.6755680e+00
  -4.7606502e+00
  -5.0221443e+00
  -4.7756084e+00
  -3.1332561e+00
  -5.1897811e+00
  -3.9168192e+00
  -3.8401274e+00
  -5.2798406e+00
  -2.7313842e+00
  -3.3358155e+00
  -3.4392795e+00
  -3.6260098e+00
  -1.9351056e+00
  -1.4890090e+00
  -3.8532566e+00
  -4.6201691e+00
  -3.4884035e+00
  -3.8073537e+00
  -2.5715096e+00
  -1.1180389e+00
  -1.4475448e+00
  -1.4955341e+00
  -4.3301632e+00
  -1.1707079e+00
   6.3931142e-02
   6.5689262e-01
  -1.9931140e+00
  -1.4038387e+00
  -1.4196039e+00
  -3.8943789e+00
  -1.6670856e-01
  -9.2975894e-01
  -7.3176343e-01
  -1.6376724e+00
  -2.3487287e+00
  -2.3387334e+00
  -9.9932323e-01
  -1.7760657e-01
   4.5623663e-01
  -1.0208452e+00
  -4.0889398e-01
  -3.6813092e+00
  -6.1917748e-01
  -3.4255739e+00
  -3.3582391e+00
  -2.5331491e+00
  -2.5576789e+00
  -3.6096951e+00
  -2.9085542e+00
  -1.9851514e+00
  -2.8512771e+00
  -2.2075874e+00
  -4.5554945e+00
  -4.4293323e+00
  -4.1409914e+00
  -5.6013184e+00
  -5.6871826e+00
  -4.7538475e+00
  -4.2653274e+00
  -4.3644790e+00
  -5.9546556e+00
  -3.8726755e+00
  -4.9030637e+00
  -2.4404931e+00
  -3.8320688e+00
  -2.4948042e+00
  -3.1685310e+00
  -3.4688872e+00
  -3.2036532e+00
  -1.6152057e+00
  -2.6424510e+00
  -2.4408426e+00
  -2.8103156e+00
  -3.9646888e+00
  -3.2719532e+00
  -2.3339345e+00
  -4.2493309e+00
  -2.5300683e+00
  -3.5680275e+00
  -3.3628961e+00
  -3.6460720e+00
  -7.5947209e+00
  -7.7526561e+00
  -4.8387842e+00
  -2.1436249e+00
  -3.6611909e+00
  -5.1699449e+00
  -4.4670681e+00
  -5.8856981e+00
  -5.2783065e+00
  -3.7972528e+00
  -3.8073637e+00
  -3.0218755e+00
  -6.5703717e+00
  -4.1727661e+00
  -5.1299844e+00
  -5.0459046e+00
  -5.0156499e+00
  -5.4728478e+00
  -5.3116848e+00
  -5.6121698e+00
  -4.6779237e+00
  -3.4776223e+00
  -5.4914162e+00
  -5.4637727e+00
  -6.4069445e+00
  -6.2255878e+00
  -6.3666043e+00
  -7.8051703e+00
  -7.7284876e+00
  -6.5296854e+00
  -5.8244891e+00
  -5.7731853e+00
  -5.2303271e+00
  -4.0088659e+00
  -4.9970902e+00
  -4.3886682e+00
  -5.3686559e+00
  -2.7444355e+00
  -4.3955243e+00
  -5.2053470e+00
  -5.6184417e+00
  -6.5666693e+00
  -3.6364491e+00
  -3.5418594e+00
  -6.2336214e+00
  -3.7818572e+00
  -4.0146215e+00
  -4.8521956e+00
  -3.3364134e+00
  -3.0410913e+00
  -3.6767781e+00
  -4.8169575e+00
  -4.5158427e+00
  -4.0027133e+00
  -2.9840759e+00
  -2.5866650e+00
  -2.6008719e+00
  -2.2111293e+00
  -4.6105216e+00
  -2.3447122e+00
  -4.6881356e+00
  -3.4511814e+00
  -4.0451684e+00
  -4.2210058e+00
  -3.6626665e+00
  -2.6383545e+00
  -7.0223141e-02
  -1.3804845e+00
  -2.4122549e-01
  -9.3898156e-02
   2.2246557e-03
  -3.9064759e-02
  -1.0551763e-01
  -4.0217667e-01
  -3.7820827e+00
  -3.8018925e+00
  -2.2780085e+00
   1.3869263e+00
   7.0544877e-01
  -5.4196779e+00
  -4.9140725e+00
  -4.2500161e+00
  -3.9490201e+00
  -3.8540105e+00
  -5.4948554e+00
  -5.6036435e+00
  -3.5849244e+00
  -2.4846105e+00
  -1.0442323e+00
  -3.2503459e+00
  -3.3177589e+00
  -4.3003187e+00
  -5.7706293e+00
  -6.0709288e+00
  -5.0018027e+00
  -4.8845247e+00
  -4.3454035e+00
  -8.6164058e-01
   2.9523382e+00
   1.2164012e+00
  -3.6310203e+00
  -1.2148327e+00
   1.6772999e+00
   1.2678994e+00
  -1.9983524e+00
  -3.2965947e+00
  -2.2126363e+00
  -1.4425386e+00
  -2.8481692e+00
  -2.3305381e+00
  -1.9194098e+00
  -3.8983422e+00
  -3.6329961e+00
  -1.6331616e+00
  -2.4994139e+00
  -2.3034483e+00
  -2.0760662e+00
  -3.7774144e+00
  -5.1713084e+00
  -2.4129290e+00
  -3.6448563e+00
   8.6453799e-01
   1.8333349e+00
  -3.7803840e+00
  -1.8361377e+00
  -1.7227829e+00
  -3.9951583e-01
  -3.2480248e-01
  -7.2606397e-01
   1.2101309e+00
   1.7648306e+00
  -2.6046333e+00
  -6.8808375e-01
  -1.5583428e+00
   1.3866086e-01
  -1.2655597e+00
  -4.1364874e-01
   5.6453521e-01
  -2.4401453e-01
  -5.5490836e-01
   2.7062090e-03
  -1.3482775e+00
  -2.0460990e+00
  -3.9484956e-01
  -5.6783670e+00
  -1.1747250e+00
  -1.2514842e+00
  -1.2238495e+00
  -5.5307955e+00
  -4.3866814e+00
   4.7408045e-01
  -5.2180318e+00
  -1.6172340e+00
  -5.8583479e+00
  -5.1635957e+00
  -3.8014319e+00
  -4.4374229e+00
  -6.6143559e+00
  -6.0242297e+00
  -7.1920508e+00
  -5.0034387e+00
  -6.0787637e+00
  -5.5938356e+00
  -3.9500264e+00
  -3.3407105e+00
  -5.2348359e+00
  -5.1816514e+00
  -4.0418326e+00
  -3.7926588e+00
  -5.8906241e+00
  -6.3818691e+00
  -1.4580192e+00
  -4.9378877e+00
  -2.7619230e+00
  -3.6431005e+00
  -3.2621773e+00
  -2.0544198e+00
  -5.1844175e+00
  -3.5416050e+00
  -6.0498021e+00
  -7.6120755e+00
  -6.2473078e+00
  -4.8730946e+00
  -2.6074626e+00
  -3.1224242e+00
  -3.6224494e+00
  -4.2509300e+00
  -3.5665246e+00
  -4.8428349e+00
  -4.4301875e+00
  -4.9567588e+00
  -4.9039339e+00
  -6.1795369e+00
  -4.9760532e+00
  -3.7865198e+00
  -1.5596733e+00
  -1.9352285e+00
  -5.6505414e-01
  -1.6618689e+00
  -6.1849582e-01
  -4.7924254e-01
  -5.2739732e+00
  -4.7892465e+00
   8.3828420e-01
  -1.8029333e+00
   2.6082924e+00
  -4.2707322e-02
   5.9537026e-01
  -2.4350056e+00
  -3.6597278e+00
  -1.7362482e+00
  -4.9989213e+00
  -6.1055225e+00
  -3.4709856e+00
  -1.0053545e+00
  -4.2763200e+00
  -2.9952334e+00
  -1.8639823e+00
  -2.8208102e+00
  -5.6380296e+00
  -4.0103724e+00
   6.7962367e-01
  -1.3181449e+00
  -5.7565331e+00
  -4.5894138e+00
  -2.8060971e+00
   3.9707696e-01
